{
	"asset": {
		"generator": "SOLIDWORKSGLTF",
		"version" : "2.0"
	},
"extensionsUsed": [ "KHR_lights_punctual", "Solidworks_custom_properties", "KHR_draco_mesh_compression"],
"extensionsRequired": [ "KHR_draco_mesh_compression" ],
	"scene" : 0,
	"scenes": [
		{
			"name": "Default - <Default>_Display State 1",
			"nodes": [
				0, 1]
		}
		,
		{
			"name": "Default - Display State-1",
			"nodes": [
				0, 102]
		}
	],
	"nodes": [
		{
			"matrix": [
				0.828623,					0.197551,					-0.523792,					0,
				-0.327327,					0.930026,					-0.167057,					0,
				0.454138,					0.309879,					0.835304,					0,
				28.2617,					23.7321,					55.6196,					1
			]
			,"camera": 0
			,"name": "current"		}
,
		{
			"children": [
				2, 3, 4, 5, 8, 11, 14, 18, 21, 22, 23, 27, 30, 34, 35, 36, 37, 38, 39, 40, 41, 42, 45, 46, 47, 48, 61, 66, 67, 68, 69, 72, 73, 74, 75, 76, 77, 78, 79, 80, 84, 85, 86, 87, 88, 89, 98, 101
			]
			,"name": "Qatar buoy assembly_13.02.25"		}
,
		{
			"matrix": [
				1,					0,					0,					0,
				0,					1,					0,					0,
				0,					0,					1,					0,
				0,					0.01,					0,					1
			]
			,"mesh": 0
			,"name": "3m collar_14.02 (1)-4"		}
,
		{
			"matrix": [
				-1,					1.17374e-16,					-8.42174e-17,					0,
				1.17374e-16,					1,					3.49433e-17,					0,
				8.42174e-17,					3.49433e-17,					-1,					0,
				0,					0.01,					0,					1
			]
			,"mesh": 1
			,"name": "3m collar_14.02 (1)-2"		}
,
		{
			"matrix": [
				-0.707107,					3.25165e-33,					-0.707107,					0,
				-1.77684e-33,					1,					6.37537e-33,					0,
				0.707107,					5.76449e-33,					-0.707107,					0,
				-0.6,					1.608,					6.80172e-14,					1
			]
			,"mesh": 2
			,"name": "step pole with ladder-3"		}
,
		{
			"children": [
				6, 7
			]
			,"matrix": [
				-0.707107,					2.92578e-15,					0.707107,					0,
				-2.06884e-15,					-1,					2.06884e-15,					0,
				0.707107,					0,					0.707107,					0,
				0.341578,					2.3955,					0.341578,					1
			]
			,"name": "Solar frame assembly-4"		}
,
		{
			"mesh": 3
			,"name": "Solar frame-1"		}
,
		{
			"matrix": [
				1,					0,					0,					0,
				0,					1,					0,					0,
				0,					0,					1,					0,
				2.77556e-16,					0,					0.0142699,					1
			]
			,"mesh": 4
			,"name": "Part1-1"		}
,
		{
			"children": [
				9, 10
			]
			,"matrix": [
				0.707107,					2.92578e-15,					-0.707107,					0,
				2.06884e-15,					-1,					-2.06884e-15,					0,
				-0.707107,					0,					-0.707107,					0,
				-0.341578,					3.5105,					-0.341578,					1
			]
			,"name": "Solar frame assembly-2"		}
,
		{
			"mesh": 5
			,"name": "Solar frame-1"		}
,
		{
			"matrix": [
				1,					0,					0,					0,
				0,					1,					0,					0,
				0,					0,					1,					0,
				2.77556e-16,					0,					0.0142699,					1
			]
			,"mesh": 6
			,"name": "Part1-1"		}
,
		{
			"children": [
				12, 13
			]
			,"matrix": [
				-0.707107,					2.92578e-15,					0.707107,					0,
				-2.06884e-15,					-1,					2.06884e-15,					0,
				0.707107,					0,					0.707107,					0,
				0.341578,					3.5105,					0.341578,					1
			]
			,"name": "Solar frame assembly-6"		}
,
		{
			"mesh": 7
			,"name": "Solar frame-1"		}
,
		{
			"matrix": [
				1,					0,					0,					0,
				0,					1,					0,					0,
				0,					0,					1,					0,
				2.77556e-16,					0,					0.0142699,					1
			]
			,"mesh": 8
			,"name": "Part1-1"		}
,
		{
			"children": [
				15, 16, 17
			]
			,"matrix": [
				0.874737,					-7.97973e-17,					-0.484598,					0,
				0.484598,					4.16334e-17,					0.874737,					0,
				-5.51927e-17,					-1,					6.245e-17,					0,
				-0.626729,					2.86253,					0.0592555,					1
			]
			,"name": "door hinge_011_18.02.25-2"		}
,
		{
			"mesh": 9
			,"name": "_01Hinge Rod_18.02.25-1"		}
,
		{
			"matrix": [
				1.25505e-18,					-1.37522e-17,					1,					0,
				0.27587,					0.961195,					-3.86419e-30,					0,
				-0.961195,					0.27587,					-1.1155e-30,					0,
				-0.00538381,					-0.0223834,					-0.035,					1
			]
			,"mesh": 10
			,"name": "_01Hinge PT1_18.02.25-1"		}
,
		{
			"matrix": [
				-1.25505e-18,					1.37522e-17,					-1,					0,
				-0.27587,					-0.961195,					-6.16298e-33,					0,
				-0.961195,					0.27587,					-1.2326e-32,					0,
				0.0073062,					0.0218316,					0.035,					1
			]
			,"mesh": 11
			,"name": "_01Hinge PT2_18.02.25-1"		}
,
		{
			"children": [
				19, 20
			]
			,"matrix": [
				0.707107,					2.92578e-15,					0.707107,					0,
				2.06884e-15,					-1,					2.06884e-15,					0,
				0.707107,					0,					-0.707107,					0,
				0.341578,					2.3955,					-0.341578,					1
			]
			,"name": "Solar frame assembly-3"		}
,
		{
			"mesh": 12
			,"name": "Solar frame-1"		}
,
		{
			"matrix": [
				1,					0,					0,					0,
				0,					1,					0,					0,
				0,					0,					1,					0,
				3.05311e-16,					0,					0.0142699,					1
			]
			,"mesh": 13
			,"name": "Part1-1"		}
,
		{
			"matrix": [
				-0.707107,					7.67843e-34,					0.707107,					0,
				-5.27008e-35,					1,					-1.13859e-33,					0,
				-0.707107,					-8.42373e-34,					-0.707107,					0,
				8.17469e-14,					1.608,					0.6,					1
			]
			,"mesh": 14
			,"name": "Side Pole-3"		}
,
		{
			"matrix": [
				3.40726e-15,					1.17374e-16,					1,					0,
				3.49433e-17,					1,					-1.17374e-16,					0,
				-1,					3.49433e-17,					3.40726e-15,					0,
				0,					0.01,					0,					1
			]
			,"mesh": 15
			,"name": "3m collar_14.02 (1)-3"		}
,
		{
			"children": [
				24, 25, 26
			]
			,"matrix": [
				0.874737,					-7.97973e-17,					-0.484598,					0,
				0.484598,					4.16334e-17,					0.874737,					0,
				-5.51927e-17,					-1,					6.245e-17,					0,
				-0.626729,					1.92753,					0.0592555,					1
			]
			,"name": "door hinge_011_18.02.25-4"		}
,
		{
			"mesh": 16
			,"name": "_01Hinge Rod_18.02.25-1"		}
,
		{
			"matrix": [
				1.25505e-18,					-1.37522e-17,					1,					0,
				0.27587,					0.961195,					-3.86419e-30,					0,
				-0.961195,					0.27587,					-1.1155e-30,					0,
				-0.00538381,					-0.0223834,					-0.035,					1
			]
			,"mesh": 17
			,"name": "_01Hinge PT1_18.02.25-1"		}
,
		{
			"matrix": [
				-1.25505e-18,					1.37522e-17,					-1,					0,
				-0.27587,					-0.961195,					-6.16298e-33,					0,
				-0.961195,					0.27587,					-1.2326e-32,					0,
				0.0073062,					0.0218316,					0.035,					1
			]
			,"mesh": 18
			,"name": "_01Hinge PT2_18.02.25-1"		}
,
		{
			"children": [
				28, 29
			]
			,"matrix": [
				0.707107,					2.92578e-15,					0.707107,					0,
				2.06884e-15,					-1,					2.06884e-15,					0,
				0.707107,					0,					-0.707107,					0,
				0.341578,					3.5105,					-0.341578,					1
			]
			,"name": "Solar frame assembly-5"		}
,
		{
			"mesh": 19
			,"name": "Solar frame-1"		}
,
		{
			"matrix": [
				1,					0,					0,					0,
				0,					1,					0,					0,
				0,					0,					1,					0,
				2.77556e-16,					0,					0.0142699,					1
			]
			,"mesh": 20
			,"name": "Part1-1"		}
,
		{
			"children": [
				31, 32, 33
			]
			,"matrix": [
				0.874737,					-7.97973e-17,					-0.484598,					0,
				0.484598,					4.16334e-17,					0.874737,					0,
				-5.51927e-17,					-1,					6.245e-17,					0,
				-0.626729,					3.04253,					0.0592555,					1
			]
			,"name": "door hinge_011_18.02.25-3"		}
,
		{
			"mesh": 21
			,"name": "_01Hinge Rod_18.02.25-1"		}
,
		{
			"matrix": [
				1.25505e-18,					-1.37522e-17,					1,					0,
				0.27587,					0.961195,					-3.86419e-30,					0,
				-0.961195,					0.27587,					-1.1155e-30,					0,
				-0.00538381,					-0.0223834,					-0.035,					1
			]
			,"mesh": 22
			,"name": "_01Hinge PT1_18.02.25-1"		}
,
		{
			"matrix": [
				-1.25505e-18,					1.37522e-17,					-1,					0,
				-0.27587,					-0.961195,					-6.16298e-33,					0,
				-0.961195,					0.27587,					-1.2326e-32,					0,
				0.0073062,					0.0218316,					0.035,					1
			]
			,"mesh": 23
			,"name": "_01Hinge PT2_18.02.25-1"		}
,
		{
			"matrix": [
				0.707107,					3.25165e-33,					0.707107,					0,
				1.77684e-33,					1,					-6.37537e-33,					0,
				-0.707107,					5.76449e-33,					0.707107,					0,
				0.6,					1.608,					-7.32782e-14,					1
			]
			,"mesh": 24
			,"name": "step pole with ladder-1"		}
,
		{
			"matrix": [
				0.707107,					0,					-0.707107,					0,
				0,					1,					0,					0,
				0.707107,					0,					0.707107,					0,
				0.421577,					5.158,					-0.0255976,					1
			]
			,"mesh": 25
			,"name": "3m collar_14.02 (2)-1"		}
,
		{
			"matrix": [
				0.994488,					0,					-0.104853,					0,
				0,					1,					0,					0,
				0.104853,					0,					0.994488,					0,
				-0.00524263,					1.611,					-0.0497244,					1
			]
			,"mesh": 26
			,"name": "Wave Sensor clamp-1"		}
,
		{
			"matrix": [
				0.707107,					4.26196e-17,					0.707107,					0,
				-2.60911e-17,					1,					-3.41821e-17,					0,
				-0.707107,					5.72119e-18,					0.707107,					0,
				0.120862,					2.3955,					-0.118052,					1
			]
			,"mesh": 27
			,"name": "Charge controler boxee_20.01.2025-1"		}
,
		{
			"matrix": [
				-0.104853,					-6.172e-19,					-0.994488,					0,
				-0.994488,					-1.11642e-16,					0.104853,					0,
				-1.11092e-16,					1,					1.10922e-17,					0,
				-0.00210783,					1.611,					-0.000509804,					1
			]
			,"mesh": 28
			,"name": "Wave sensor-1"		}
,
		{
			"matrix": [
				0.37414,					-2.23942e-18,					0.927372,					0,
				0.927372,					-3.24344e-17,					-0.37414,					0,
				3.09166e-17,					1,					-1.00582e-17,					0,
				-2.53339e-14,					4.961,					1.45476e-14,					1
			]
			,"mesh": 29
			,"name": "Marine Lantern_14.02.25-1"		}
,
		{
			"matrix": [
				3.5757e-15,					1.17374e-16,					-1,					0,
				-3.49433e-17,					1,					1.17374e-16,					0,
				1,					3.49433e-17,					3.5757e-15,					0,
				0,					0.01,					0,					1
			]
			,"mesh": 30
			,"name": "3m collar_14.02 (1)-1"		}
,
		{
			"matrix": [
				-3.77476e-14,					0,					-1,					0,
				0,					1,					0,					0,
				1,					0,					-3.77476e-14,					0,
				-0.375646,					4.448,					0.373885,					1
			]
			,"mesh": 31
			,"name": "Gill sensor pole-1"		}
,
		{
			"children": [
				43, 44
			]
			,"matrix": [
				-0.921699,					-1.94509e-17,					0.387905,					0,
				-2.05003e-17,					1,					1.4328e-18,					0,
				-0.387905,					-6.63156e-18,					-0.921699,					0,
				-1.38464,					0.215267,					0.0185989,					1
			]
			,"name": "ADCP frame assembly_05.03.25-1"		}
,
		{
			"matrix": [
				0.71051,					-9.62965e-34,					-0.703687,					0,
				-1.92593e-34,					1,					0,					0,
				0.703687,					2.02223e-33,					0.71051,					0,
				-0.126699,					0.794733,					-0.0331436,					1
			]
			,"mesh": 32
			,"name": "Top Plate_01_14.02.25-1"		}
,
		{
			"matrix": [
				1,					0,					0,					0,
				0,					1,					0,					0,
				0,					0,					1,					0,
				-0.126699,					0.790733,					-0.0331436,					1
			]
			,"mesh": 33
			,"name": "ADCP_SIGNATURE FRAME_01_14.02.25-1"		}
,
		{
			"matrix": [
				1,					0,					0,					0,
				0,					1,					0,					0,
				0,					0,					1,					0,
				-2.77536e-14,					4.12,					1.45437e-14,					1
			]
			,"mesh": 34
			,"name": "RING STRUCTURE_13.02.25-1"		}
,
		{
			"matrix": [
				1,					0,					0,					0,
				0,					1,					0,					0,
				0,					0,					1,					0,
				-2.77536e-14,					4.448,					1.45448e-14,					1
			]
			,"mesh": 35
			,"name": "RADAR REFLECTOR_13.02.25-1"		}
,
		{
			"matrix": [
				-0.707107,					1.57772e-30,					-0.707107,					0,
				0.707107,					3.07798e-31,					-0.707107,					0,
				-2.42411e-30,					-1,					-2.30906e-30,					0,
				0.374878,					4.456,					-0.374656,					1
			]
			,"mesh": 36
			,"name": "WIND SENSOR POLE_01-1"		}
,
		{
			"children": [
				49, 52, 55, 58
			]
			,"name": "TDP3000_STEEL CORE_13.02.25-1"		}
,
		{
			"children": [
				50, 51
			]
			,"matrix": [
				1.04744e-14,					0,					1,					0,
				0,					1,					0,					0,
				-1,					0,					1.04744e-14,					0,
				0,					0,					0,					1
			]
			,"name": "TDP3000_STEEL CORE_13.02.25(2)-4"		}
,
		{
			"matrix": [
				0.707107,					-4e-15,					0.707107,					0,
				2.32843e-15,					1,					3.32843e-15,					0,
				-0.707107,					-7.07107e-16,					0.707107,					0,
				0.329512,					1.246,					0.329512,					1
			]
			,"mesh": 37
			,"name": "BATTERY BOX_PN111_Default_As Machined_-1"		}
,
		{
			"mesh": 38
			,"name": "PN111_Default_As Machined_-1"		}
,
		{
			"children": [
				53, 54
			]
			,"matrix": [
				-1,					0,					6.98296e-15,					0,
				0,					1,					0,					0,
				-6.98296e-15,					0,					-1,					0,
				0,					0,					0,					1
			]
			,"name": "TDP3000_STEEL CORE_13.02.25(2)-3"		}
,
		{
			"matrix": [
				0.707107,					-4e-15,					0.707107,					0,
				2.32843e-15,					1,					3.32843e-15,					0,
				-0.707107,					-7.07107e-16,					0.707107,					0,
				0.329512,					1.246,					0.329512,					1
			]
			,"mesh": 39
			,"name": "BATTERY BOX_PN111_Default_As Machined_-1"		}
,
		{
			"mesh": 40
			,"name": "PN111_Default_As Machined_-1"		}
,
		{
			"children": [
				56, 57
			]
			,"matrix": [
				-3.49148e-15,					0,					-1,					0,
				0,					1,					0,					0,
				1,					0,					-3.49148e-15,					0,
				0,					0,					0,					1
			]
			,"name": "TDP3000_STEEL CORE_13.02.25(2)-2"		}
,
		{
			"matrix": [
				0.707107,					-4e-15,					0.707107,					0,
				2.32843e-15,					1,					3.32843e-15,					0,
				-0.707107,					-7.07107e-16,					0.707107,					0,
				0.329512,					1.246,					0.329512,					1
			]
			,"mesh": 41
			,"name": "BATTERY BOX_PN111_Default_As Machined_-1"		}
,
		{
			"mesh": 42
			,"name": "PN111_Default_As Machined_-1"		}
,
		{
			"children": [
				59, 60
			]
			,"name": "TDP3000_STEEL CORE_13.02.25(2)-1"		}
,
		{
			"matrix": [
				0.707107,					-4e-15,					0.707107,					0,
				2.32843e-15,					1,					3.32843e-15,					0,
				-0.707107,					-7.07107e-16,					0.707107,					0,
				0.329512,					1.246,					0.329512,					1
			]
			,"mesh": 43
			,"name": "BATTERY BOX_PN111_Default_As Machined_-1"		}
,
		{
			"mesh": 44
			,"name": "PN111_Default_As Machined_-1"		}
,
		{
			"children": [
				62, 63, 64, 65
			]
			,"matrix": [
				0.8933,					0,					0.44946,					0,
				0,					1,					0,					0,
				-0.44946,					0,					0.8933,					0,
				-0.401529,					4.724,					0.00420129,					1
			]
			,"name": "Assem2_14.02.25-1"		}
,
		{
			"matrix": [
				1,					0,					0,					0,
				0,					1.04744e-14,					-1,					0,
				0,					1,					1.04744e-14,					0,
				1.11022e-16,					1.09,					1.14353e-14,					1
			]
			,"mesh": 45
			,"name": "Part18_14.02.25-1"		}
,
		{
			"mesh": 46
			,"name": "Bottom Plate_14.02.25-1"		}
,
		{
			"matrix": [
				1,					0,					0,					0,
				0,					1,					0,					0,
				0,					0,					1,					0,
				0.0015,					-0.012,					-0.0015,					1
			]
			,"mesh": 47
			,"name": "Mounting plate_14.02.25-1"		}
,
		{
			"matrix": [
				-0.453505,					-1.20457e-16,					0.891254,					0,
				-3.49433e-17,					1,					1.17374e-16,					0,
				-0.891254,					2.20861e-17,					-0.453505,					0,
				5.55112e-17,					0.005,					-1.38778e-16,					1
			]
			,"mesh": 48
			,"name": "Pole_14.02.25-1"		}
,
		{
			"matrix": [
				0.707107,					7.67843e-34,					-0.707107,					0,
				5.27008e-35,					1,					1.13859e-33,					0,
				0.707107,					-8.42373e-34,					0.707107,					0,
				-4.97668e-14,					1.608,					-0.6,					1
			]
			,"mesh": 49
			,"name": "Side Pole-1"		}
,
		{
			"matrix": [
				0.727707,					4.6855e-18,					-0.685888,					0,
				-4.83311e-18,					1,					1.7035e-18,					0,
				0.685888,					2.07532e-18,					0.727707,					0,
				-0.375646,					5.62727,					0.373885,					1
			]
			,"mesh": 50
			,"name": "GILLee_14.02.2025-1"		}
,
		{
			"matrix": [
				1,					0,					0,					0,
				0,					1,					0,					0,
				0,					0,					1,					0,
				-0.472487,					5.06379,					0.444956,					1
			]
			,"mesh": 51
			,"name": "Visibility sensor-1"		}
,
		{
			"children": [
				70, 71
			]
			,"matrix": [
				-0.878589,					-1.56125e-17,					0.477578,					0,
				1.91777e-17,					1,					-3.46945e-18,					0,
				-0.477578,					2.94903e-17,					-0.878589,					0,
				1.1269,					0.223267,					0.0448176,					1
			]
			,"name": "Water Quality frame_05.03.25-2"		}
,
		{
			"matrix": [
				1,					0,					0,					0,
				0,					1,					0,					0,
				0,					0,					1,					0,
				-0.126699,					0.790733,					-0.0331436,					1
			]
			,"mesh": 52
			,"name": "Water quality frame part_05.03.25-1"		}
,
		{
			"matrix": [
				0.71051,					-4.06937e-17,					-0.703687,					0,
				2.37078e-17,					1,					-3.38916e-17,					0,
				0.703687,					7.39742e-18,					0.71051,					0,
				-0.126699,					0.794733,					-0.0331436,					1
			]
			,"mesh": 53
			,"name": "Top Plate_01_14.02.25-1"		}
,
		{
			"matrix": [
				0.233467,					2.99897e-17,					-0.972365,					0,
				8.14707e-17,					1,					5.04033e-17,					0,
				0.972365,					-9.09868e-17,					0.233467,					0,
				0.757456,					4.97423,					-0.641051,					1
			]
			,"mesh": 54
			,"name": "Preceiptation Guage_14.02.25-1"		}
,
		{
			"matrix": [
				0.707107,					0,					0.707107,					0,
				-0.707107,					0,					0.707107,					0,
				0,					-1,					0,					0,
				-0.399515,					4.456,					0.00353553,					1
			]
			,"mesh": 55
			,"name": "Earth pole_14.02.25-1"		}
,
		{
			"matrix": [
				-0.998848,					-7.80626e-17,					-0.0479766,					0,
				9.19611e-17,					-1,					-5.89806e-17,					0,
				-0.0479766,					-6.07153e-17,					0.998848,					0,
				1.21891,					0.320802,					0.0325315,					1
			]
			,"mesh": 56
			,"name": "Aquadrop water sensortg-1"		}
,
		{
			"matrix": [
				1.05122e-17,					-1,					3.03323e-18,					0,
				-0.987774,					-9.91083e-18,					0.155892,					0,
				-0.155892,					-4.63492e-18,					-0.987774,					0,
				-1.27524,					0.241702,					0.00851828,					1
			]
			,"mesh": 57
			,"name": "Aquadopp Profiler_14.02.25-1"		}
,
		{
			"matrix": [
				0.707107,					-4.26196e-17,					0.707107,					0,
				-1.89288e-17,					1,					7.9202e-17,					0,
				-0.707107,					-6.93889e-17,					0.707107,					0,
				-0.392602,					3.15611,					0.299039,					1
			]
			,"mesh": 58
			,"name": "DOOR_14.02.25-1"		}
,
		{
			"matrix": [
				1,					0,					0,					0,
				0,					1,					0,					0,
				0,					0,					1,					0,
				1.29622,					-0.248603,					-0.00949533,					1
			]
			,"mesh": 59
			,"name": "Trios sensor-1"		}
,
		{
			"matrix": [
				0.994488,					0,					-0.104853,					0,
				0,					1,					0,					0,
				0.104853,					0,					0.994488,					0,
				7.51054e-18,					1.576,					-2.93872e-18,					1
			]
			,"mesh": 60
			,"name": "Top Lid_14.02.25-1"		}
,
		{
			"matrix": [
				0.707107,					-5.72119e-18,					-0.707107,					0,
				2.29571e-31,					1,					-8.09098e-18,					0,
				0.707107,					5.72119e-18,					0.707107,					0,
				0.135712,					2.3955,					-0.132901,					1
			]
			,"mesh": 61
			,"name": "BOX MOUNTING FRAME_13.02.25-2"		}
,
		{
			"children": [
				81, 82, 83
			]
			,"matrix": [
				0.874737,					-7.97973e-17,					-0.484598,					0,
				0.484598,					4.16334e-17,					0.874737,					0,
				-5.51927e-17,					-1,					6.245e-17,					0,
				-0.626729,					3.97753,					0.0592555,					1
			]
			,"name": "door hinge_011_18.02.25-1"		}
,
		{
			"mesh": 62
			,"name": "_01Hinge Rod_18.02.25-1"		}
,
		{
			"matrix": [
				1.25505e-18,					-1.37522e-17,					1,					0,
				0.27587,					0.961195,					-3.86419e-30,					0,
				-0.961195,					0.27587,					-1.1155e-30,					0,
				-0.00538381,					-0.0223834,					-0.035,					1
			]
			,"mesh": 63
			,"name": "_01Hinge PT1_18.02.25-1"		}
,
		{
			"matrix": [
				-1.25505e-18,					1.37522e-17,					-1,					0,
				-0.27587,					-0.961195,					-6.16298e-33,					0,
				-0.961195,					0.27587,					-1.2326e-32,					0,
				0.0073062,					0.0218316,					0.035,					1
			]
			,"mesh": 64
			,"name": "_01Hinge PT2_18.02.25-1"		}
,
		{
			"matrix": [
				-0.387905,					3.57832e-17,					-0.921699,					0,
				-1.26915e-16,					1,					9.22362e-17,					0,
				0.921699,					1.52756e-16,					-0.387905,					0,
				-1.27524,					-0.289,					0.00851663,					1
			]
			,"mesh": 65
			,"name": "C-CLAMP FOR ADCP-1"		}
,
		{
			"matrix": [
				0.656152,					2.58007e-30,					0.754629,					0,
				1.69053e-30,					-1,					1.94907e-30,					0,
				0.754629,					-3.16253e-33,					-0.656152,					0,
				0.90159,					5.01071,					-0.766376,					1
			]
			,"mesh": 66
			,"name": "rainn gauge c clamp_17.02.25-2"		}
,
		{
			"matrix": [
				0.656152,					2.58007e-30,					0.754629,					0,
				1.69053e-30,					-1,					1.94907e-30,					0,
				0.754629,					-3.16253e-33,					-0.656152,					0,
				0.90159,					5.1707,					-0.766376,					1
			]
			,"mesh": 67
			,"name": "rainn gauge c clamp_17.02.25-1"		}
,
		{
			"matrix": [
				0.656152,					0,					0.754629,					0,
				0,					1,					0,					0,
				-0.754629,					0,					0.656152,					0,
				0.613321,					5.1707,					-0.515726,					1
			]
			,"mesh": 68
			,"name": "Rain Guage frame_17.02.25-1"		}
,
		{
			"matrix": [
				0.999897,					0,					0.0143806,					0,
				0,					1,					0,					0,
				-0.0143806,					0,					0.999897,					0,
				-3.85186e-34,					0.705,					-1.84889e-32,					1
			]
			,"mesh": 69
			,"name": "Fenderee_17.02.2025-1"		}
,
		{
			"children": [
				90
			]
			,"matrix": [
				0.0022549,					-1.21833e-16,					0.999997,					0,
				1.97797e-15,					1,					1.17374e-16,					0,
				-0.999997,					1.9777e-15,					0.0022549,					0,
				2.89388e-07,					-0.370993,					0.00312372,					1
			]
			,"name": "Safety Rail_14.02.25-3"		}
,
		{
			"children": [
				91, 92, 93, 94, 95, 96, 97
			]
			,"name": "Safety Rail_14.02.25(2)-1"		}
,
		{
			"matrix": [
				0.999997,					0,					0.0022549,					0,
				0,					1,					-8.91706e-32,					0,
				-0.0022549,					-5.14706e-31,					0.999997,					0,
				1.48001,					1.401,					-0.00353901,					1
			]
			,"mesh": 70
			,"name": "new support frame-4"		}
,
		{
			"matrix": [
				-0.999997,					-2.46519e-32,					-0.0022549,					0,
				0,					1,					-8.91706e-32,					0,
				0.0022549,					4.81998e-31,					-0.999997,					0,
				-1.48001,					1.401,					0.00353901,					1
			]
			,"mesh": 71
			,"name": "new support frame-2"		}
,
		{
			"matrix": [
				-0.0022549,					-4.06902e-31,					0.999997,					0,
				0.999997,					0,					0.0022549,					0,
				0,					1,					-8.91706e-32,					0,
				-0.00113505,					1.751,					0.0050226,					1
			]
			,"mesh": 72
			,"name": "RAIL-1-1"		}
,
		{
			"matrix": [
				-0.0022549,					-4.06902e-31,					0.999997,					0,
				0,					1,					-8.91706e-32,					0,
				-0.999997,					0,					-0.0022549,					0,
				0.00353901,					1.401,					1.48001,					1
			]
			,"mesh": 73
			,"name": "new support frame-1"		}
,
		{
			"matrix": [
				0.0022549,					1.97797e-15,					-0.999997,					0,
				-1.21833e-16,					1,					1.9777e-15,					0,
				0.999997,					1.17374e-16,					0.0022549,					0,
				-0.00353901,					1.401,					-1.48001,					1
			]
			,"mesh": 74
			,"name": "new support frame-3"		}
,
		{
			"matrix": [
				-0.999997,					-2.46519e-32,					-0.0022549,					0,
				-0.0022549,					-4.81998e-31,					0.999997,					0,
				0,					1,					-8.91706e-32,					0,
				-0.0050226,					1.751,					-0.00113505,					1
			]
			,"mesh": 75
			,"name": "RAIL-1-2"		}
,
		{
			"matrix": [
				0.0022549,					4.3961e-31,					-0.999997,					0,
				-0.999997,					0,					-0.0022549,					0,
				0,					1,					-8.91706e-32,					0,
				0.00113505,					1.751,					-0.0050226,					1
			]
			,"mesh": 76
			,"name": "RAIL-1-3"		}
,
		{
			"children": [
				99, 100
			]
			,"matrix": [
				0.707107,					2.92578e-15,					-0.707107,					0,
				2.06884e-15,					-1,					-2.06884e-15,					0,
				-0.707107,					0,					-0.707107,					0,
				-0.341578,					2.3955,					-0.341578,					1
			]
			,"name": "Solar frame assembly-1"		}
,
		{
			"mesh": 77
			,"name": "Solar frame-1"		}
,
		{
			"matrix": [
				1,					0,					0,					0,
				0,					1,					0,					0,
				0,					0,					1,					0,
				3.05311e-16,					0,					0.0142699,					1
			]
			,"mesh": 78
			,"name": "Part1-1"		}
,
		{
			"matrix": [
				-0.387905,					-1.27891e-17,					-0.921699,					0,
				8.28461e-17,					1,					-4.87421e-17,					0,
				0.921699,					-9.52665e-17,					-0.387905,					0,
				-1.27524,					0.041,					0.00851994,					1
			]
			,"mesh": 79
			,"name": "C-CLAMP FOR ADCP-2"		}
,
		{
			"children": [
				103, 104, 105, 106, 109, 112, 115, 119, 122, 123, 124, 128, 131, 135, 136, 137, 138, 139, 140, 141, 142, 143, 146, 147, 148, 149, 162, 167, 168, 169, 170, 173, 174, 175, 176, 177, 178, 179, 180, 181, 185, 186, 187, 188, 189, 190, 199, 202
			]
			,"name": "Qatar buoy assembly_13.02.25"		}
,
		{
			"matrix": [
				1,					0,					0,					0,
				0,					1,					0,					0,
				0,					0,					1,					0,
				0,					0.01,					0,					1
			]
			,"mesh": 80
			,"name": "3m collar_14.02 (1)-4"		}
,
		{
			"matrix": [
				-1,					1.17374e-16,					-8.42174e-17,					0,
				1.17374e-16,					1,					3.49433e-17,					0,
				8.42174e-17,					3.49433e-17,					-1,					0,
				0,					0.01,					0,					1
			]
			,"mesh": 81
			,"name": "3m collar_14.02 (1)-2"		}
,
		{
			"matrix": [
				-0.707107,					3.25165e-33,					-0.707107,					0,
				-1.77684e-33,					1,					6.37537e-33,					0,
				0.707107,					5.76449e-33,					-0.707107,					0,
				-0.6,					1.608,					6.80172e-14,					1
			]
			,"mesh": 82
			,"name": "step pole with ladder-3"		}
,
		{
			"children": [
				107, 108
			]
			,"matrix": [
				-0.707107,					2.92578e-15,					0.707107,					0,
				-2.06884e-15,					-1,					2.06884e-15,					0,
				0.707107,					0,					0.707107,					0,
				0.341578,					2.3955,					0.341578,					1
			]
			,"name": "Solar frame assembly-4"		}
,
		{
			"mesh": 83
			,"name": "Solar frame-1"		}
,
		{
			"matrix": [
				1,					0,					0,					0,
				0,					1,					0,					0,
				0,					0,					1,					0,
				2.77556e-16,					0,					0.0142699,					1
			]
			,"mesh": 84
			,"name": "Part1-1"		}
,
		{
			"children": [
				110, 111
			]
			,"matrix": [
				0.707107,					2.92578e-15,					-0.707107,					0,
				2.06884e-15,					-1,					-2.06884e-15,					0,
				-0.707107,					0,					-0.707107,					0,
				-0.341578,					3.5105,					-0.341578,					1
			]
			,"name": "Solar frame assembly-2"		}
,
		{
			"mesh": 85
			,"name": "Solar frame-1"		}
,
		{
			"matrix": [
				1,					0,					0,					0,
				0,					1,					0,					0,
				0,					0,					1,					0,
				2.77556e-16,					0,					0.0142699,					1
			]
			,"mesh": 86
			,"name": "Part1-1"		}
,
		{
			"children": [
				113, 114
			]
			,"matrix": [
				-0.707107,					2.92578e-15,					0.707107,					0,
				-2.06884e-15,					-1,					2.06884e-15,					0,
				0.707107,					0,					0.707107,					0,
				0.341578,					3.5105,					0.341578,					1
			]
			,"name": "Solar frame assembly-6"		}
,
		{
			"mesh": 87
			,"name": "Solar frame-1"		}
,
		{
			"matrix": [
				1,					0,					0,					0,
				0,					1,					0,					0,
				0,					0,					1,					0,
				2.77556e-16,					0,					0.0142699,					1
			]
			,"mesh": 88
			,"name": "Part1-1"		}
,
		{
			"children": [
				116, 117, 118
			]
			,"matrix": [
				0.874737,					-7.97973e-17,					-0.484598,					0,
				0.484598,					4.16334e-17,					0.874737,					0,
				-5.51927e-17,					-1,					6.245e-17,					0,
				-0.626729,					2.86253,					0.0592555,					1
			]
			,"name": "door hinge_011_18.02.25-2"		}
,
		{
			"mesh": 89
			,"name": "_01Hinge Rod_18.02.25-1"		}
,
		{
			"matrix": [
				1.25505e-18,					-1.37522e-17,					1,					0,
				0.27587,					0.961195,					-3.86419e-30,					0,
				-0.961195,					0.27587,					-1.1155e-30,					0,
				-0.00538381,					-0.0223834,					-0.035,					1
			]
			,"mesh": 90
			,"name": "_01Hinge PT1_18.02.25-1"		}
,
		{
			"matrix": [
				-1.25505e-18,					1.37522e-17,					-1,					0,
				-0.27587,					-0.961195,					-6.16298e-33,					0,
				-0.961195,					0.27587,					-1.2326e-32,					0,
				0.0073062,					0.0218316,					0.035,					1
			]
			,"mesh": 91
			,"name": "_01Hinge PT2_18.02.25-1"		}
,
		{
			"children": [
				120, 121
			]
			,"matrix": [
				0.707107,					2.92578e-15,					0.707107,					0,
				2.06884e-15,					-1,					2.06884e-15,					0,
				0.707107,					0,					-0.707107,					0,
				0.341578,					2.3955,					-0.341578,					1
			]
			,"name": "Solar frame assembly-3"		}
,
		{
			"mesh": 92
			,"name": "Solar frame-1"		}
,
		{
			"matrix": [
				1,					0,					0,					0,
				0,					1,					0,					0,
				0,					0,					1,					0,
				3.05311e-16,					0,					0.0142699,					1
			]
			,"mesh": 93
			,"name": "Part1-1"		}
,
		{
			"matrix": [
				-0.707107,					7.67843e-34,					0.707107,					0,
				-5.27008e-35,					1,					-1.13859e-33,					0,
				-0.707107,					-8.42373e-34,					-0.707107,					0,
				8.17469e-14,					1.608,					0.6,					1
			]
			,"mesh": 94
			,"name": "Side Pole-3"		}
,
		{
			"matrix": [
				3.40726e-15,					1.17374e-16,					1,					0,
				3.49433e-17,					1,					-1.17374e-16,					0,
				-1,					3.49433e-17,					3.40726e-15,					0,
				0,					0.01,					0,					1
			]
			,"mesh": 95
			,"name": "3m collar_14.02 (1)-3"		}
,
		{
			"children": [
				125, 126, 127
			]
			,"matrix": [
				0.874737,					-7.97973e-17,					-0.484598,					0,
				0.484598,					4.16334e-17,					0.874737,					0,
				-5.51927e-17,					-1,					6.245e-17,					0,
				-0.626729,					1.92753,					0.0592555,					1
			]
			,"name": "door hinge_011_18.02.25-4"		}
,
		{
			"mesh": 96
			,"name": "_01Hinge Rod_18.02.25-1"		}
,
		{
			"matrix": [
				1.25505e-18,					-1.37522e-17,					1,					0,
				0.27587,					0.961195,					-3.86419e-30,					0,
				-0.961195,					0.27587,					-1.1155e-30,					0,
				-0.00538381,					-0.0223834,					-0.035,					1
			]
			,"mesh": 97
			,"name": "_01Hinge PT1_18.02.25-1"		}
,
		{
			"matrix": [
				-1.25505e-18,					1.37522e-17,					-1,					0,
				-0.27587,					-0.961195,					-6.16298e-33,					0,
				-0.961195,					0.27587,					-1.2326e-32,					0,
				0.0073062,					0.0218316,					0.035,					1
			]
			,"mesh": 98
			,"name": "_01Hinge PT2_18.02.25-1"		}
,
		{
			"children": [
				129, 130
			]
			,"matrix": [
				0.707107,					2.92578e-15,					0.707107,					0,
				2.06884e-15,					-1,					2.06884e-15,					0,
				0.707107,					0,					-0.707107,					0,
				0.341578,					3.5105,					-0.341578,					1
			]
			,"name": "Solar frame assembly-5"		}
,
		{
			"mesh": 99
			,"name": "Solar frame-1"		}
,
		{
			"matrix": [
				1,					0,					0,					0,
				0,					1,					0,					0,
				0,					0,					1,					0,
				2.77556e-16,					0,					0.0142699,					1
			]
			,"mesh": 100
			,"name": "Part1-1"		}
,
		{
			"children": [
				132, 133, 134
			]
			,"matrix": [
				0.874737,					-7.97973e-17,					-0.484598,					0,
				0.484598,					4.16334e-17,					0.874737,					0,
				-5.51927e-17,					-1,					6.245e-17,					0,
				-0.626729,					3.04253,					0.0592555,					1
			]
			,"name": "door hinge_011_18.02.25-3"		}
,
		{
			"mesh": 101
			,"name": "_01Hinge Rod_18.02.25-1"		}
,
		{
			"matrix": [
				1.25505e-18,					-1.37522e-17,					1,					0,
				0.27587,					0.961195,					-3.86419e-30,					0,
				-0.961195,					0.27587,					-1.1155e-30,					0,
				-0.00538381,					-0.0223834,					-0.035,					1
			]
			,"mesh": 102
			,"name": "_01Hinge PT1_18.02.25-1"		}
,
		{
			"matrix": [
				-1.25505e-18,					1.37522e-17,					-1,					0,
				-0.27587,					-0.961195,					-6.16298e-33,					0,
				-0.961195,					0.27587,					-1.2326e-32,					0,
				0.0073062,					0.0218316,					0.035,					1
			]
			,"mesh": 103
			,"name": "_01Hinge PT2_18.02.25-1"		}
,
		{
			"matrix": [
				0.707107,					3.25165e-33,					0.707107,					0,
				1.77684e-33,					1,					-6.37537e-33,					0,
				-0.707107,					5.76449e-33,					0.707107,					0,
				0.6,					1.608,					-7.32782e-14,					1
			]
			,"mesh": 104
			,"name": "step pole with ladder-1"		}
,
		{
			"matrix": [
				0.707107,					0,					-0.707107,					0,
				0,					1,					0,					0,
				0.707107,					0,					0.707107,					0,
				0.421577,					5.158,					-0.0255976,					1
			]
			,"mesh": 105
			,"name": "3m collar_14.02 (2)-1"		}
,
		{
			"matrix": [
				0.994488,					0,					-0.104853,					0,
				0,					1,					0,					0,
				0.104853,					0,					0.994488,					0,
				-0.00524263,					1.611,					-0.0497244,					1
			]
			,"mesh": 106
			,"name": "Wave Sensor clamp-1"		}
,
		{
			"matrix": [
				0.707107,					4.26196e-17,					0.707107,					0,
				-2.60911e-17,					1,					-3.41821e-17,					0,
				-0.707107,					5.72119e-18,					0.707107,					0,
				0.120862,					2.3955,					-0.118052,					1
			]
			,"mesh": 107
			,"name": "Charge controler boxee_20.01.2025-1"		}
,
		{
			"matrix": [
				-0.104853,					-6.172e-19,					-0.994488,					0,
				-0.994488,					-1.11642e-16,					0.104853,					0,
				-1.11092e-16,					1,					1.10922e-17,					0,
				-0.00210783,					1.611,					-0.000509804,					1
			]
			,"mesh": 108
			,"name": "Wave sensor-1"		}
,
		{
			"matrix": [
				0.37414,					-2.23942e-18,					0.927372,					0,
				0.927372,					-3.24344e-17,					-0.37414,					0,
				3.09166e-17,					1,					-1.00582e-17,					0,
				-2.53339e-14,					4.961,					1.45476e-14,					1
			]
			,"mesh": 109
			,"name": "Marine Lantern_14.02.25-1"		}
,
		{
			"matrix": [
				3.5757e-15,					1.17374e-16,					-1,					0,
				-3.49433e-17,					1,					1.17374e-16,					0,
				1,					3.49433e-17,					3.5757e-15,					0,
				0,					0.01,					0,					1
			]
			,"mesh": 110
			,"name": "3m collar_14.02 (1)-1"		}
,
		{
			"matrix": [
				-3.77476e-14,					0,					-1,					0,
				0,					1,					0,					0,
				1,					0,					-3.77476e-14,					0,
				-0.375646,					4.448,					0.373885,					1
			]
			,"mesh": 111
			,"name": "Gill sensor pole-1"		}
,
		{
			"children": [
				144, 145
			]
			,"matrix": [
				-0.921699,					-1.94509e-17,					0.387905,					0,
				-2.05003e-17,					1,					1.4328e-18,					0,
				-0.387905,					-6.63156e-18,					-0.921699,					0,
				-1.38464,					0.215267,					0.0185989,					1
			]
			,"name": "ADCP frame assembly_05.03.25-1"		}
,
		{
			"matrix": [
				0.71051,					-9.62965e-34,					-0.703687,					0,
				-1.92593e-34,					1,					0,					0,
				0.703687,					2.02223e-33,					0.71051,					0,
				-0.126699,					0.794733,					-0.0331436,					1
			]
			,"mesh": 112
			,"name": "Top Plate_01_14.02.25-1"		}
,
		{
			"matrix": [
				1,					0,					0,					0,
				0,					1,					0,					0,
				0,					0,					1,					0,
				-0.126699,					0.790733,					-0.0331436,					1
			]
			,"mesh": 113
			,"name": "ADCP_SIGNATURE FRAME_01_14.02.25-1"		}
,
		{
			"matrix": [
				1,					0,					0,					0,
				0,					1,					0,					0,
				0,					0,					1,					0,
				-2.77536e-14,					4.12,					1.45437e-14,					1
			]
			,"mesh": 114
			,"name": "RING STRUCTURE_13.02.25-1"		}
,
		{
			"matrix": [
				1,					0,					0,					0,
				0,					1,					0,					0,
				0,					0,					1,					0,
				-2.77536e-14,					4.448,					1.45448e-14,					1
			]
			,"mesh": 115
			,"name": "RADAR REFLECTOR_13.02.25-1"		}
,
		{
			"matrix": [
				-0.707107,					1.57772e-30,					-0.707107,					0,
				0.707107,					3.07798e-31,					-0.707107,					0,
				-2.42411e-30,					-1,					-2.30906e-30,					0,
				0.374878,					4.456,					-0.374656,					1
			]
			,"mesh": 116
			,"name": "WIND SENSOR POLE_01-1"		}
,
		{
			"children": [
				150, 153, 156, 159
			]
			,"name": "TDP3000_STEEL CORE_13.02.25-1"		}
,
		{
			"children": [
				151, 152
			]
			,"matrix": [
				1.04744e-14,					0,					1,					0,
				0,					1,					0,					0,
				-1,					0,					1.04744e-14,					0,
				0,					0,					0,					1
			]
			,"name": "TDP3000_STEEL CORE_13.02.25(2)-4"		}
,
		{
			"matrix": [
				0.707107,					-4e-15,					0.707107,					0,
				2.32843e-15,					1,					3.32843e-15,					0,
				-0.707107,					-7.07107e-16,					0.707107,					0,
				0.329512,					1.246,					0.329512,					1
			]
			,"mesh": 117
			,"name": "BATTERY BOX_PN111_Default_As Machined_-1"		}
,
		{
			"mesh": 118
			,"name": "PN111_Default_As Machined_-1"		}
,
		{
			"children": [
				154, 155
			]
			,"matrix": [
				-1,					0,					6.98296e-15,					0,
				0,					1,					0,					0,
				-6.98296e-15,					0,					-1,					0,
				0,					0,					0,					1
			]
			,"name": "TDP3000_STEEL CORE_13.02.25(2)-3"		}
,
		{
			"matrix": [
				0.707107,					-4e-15,					0.707107,					0,
				2.32843e-15,					1,					3.32843e-15,					0,
				-0.707107,					-7.07107e-16,					0.707107,					0,
				0.329512,					1.246,					0.329512,					1
			]
			,"mesh": 119
			,"name": "BATTERY BOX_PN111_Default_As Machined_-1"		}
,
		{
			"mesh": 120
			,"name": "PN111_Default_As Machined_-1"		}
,
		{
			"children": [
				157, 158
			]
			,"matrix": [
				-3.49148e-15,					0,					-1,					0,
				0,					1,					0,					0,
				1,					0,					-3.49148e-15,					0,
				0,					0,					0,					1
			]
			,"name": "TDP3000_STEEL CORE_13.02.25(2)-2"		}
,
		{
			"matrix": [
				0.707107,					-4e-15,					0.707107,					0,
				2.32843e-15,					1,					3.32843e-15,					0,
				-0.707107,					-7.07107e-16,					0.707107,					0,
				0.329512,					1.246,					0.329512,					1
			]
			,"mesh": 121
			,"name": "BATTERY BOX_PN111_Default_As Machined_-1"		}
,
		{
			"mesh": 122
			,"name": "PN111_Default_As Machined_-1"		}
,
		{
			"children": [
				160, 161
			]
			,"name": "TDP3000_STEEL CORE_13.02.25(2)-1"		}
,
		{
			"matrix": [
				0.707107,					-4e-15,					0.707107,					0,
				2.32843e-15,					1,					3.32843e-15,					0,
				-0.707107,					-7.07107e-16,					0.707107,					0,
				0.329512,					1.246,					0.329512,					1
			]
			,"mesh": 123
			,"name": "BATTERY BOX_PN111_Default_As Machined_-1"		}
,
		{
			"mesh": 124
			,"name": "PN111_Default_As Machined_-1"		}
,
		{
			"children": [
				163, 164, 165, 166
			]
			,"matrix": [
				0.8933,					0,					0.44946,					0,
				0,					1,					0,					0,
				-0.44946,					0,					0.8933,					0,
				-0.401529,					4.724,					0.00420129,					1
			]
			,"name": "Assem2_14.02.25-1"		}
,
		{
			"matrix": [
				1,					0,					0,					0,
				0,					1.04744e-14,					-1,					0,
				0,					1,					1.04744e-14,					0,
				1.11022e-16,					1.09,					1.14353e-14,					1
			]
			,"mesh": 125
			,"name": "Part18_14.02.25-1"		}
,
		{
			"mesh": 126
			,"name": "Bottom Plate_14.02.25-1"		}
,
		{
			"matrix": [
				1,					0,					0,					0,
				0,					1,					0,					0,
				0,					0,					1,					0,
				0.0015,					-0.012,					-0.0015,					1
			]
			,"mesh": 127
			,"name": "Mounting plate_14.02.25-1"		}
,
		{
			"matrix": [
				-0.453505,					-1.20457e-16,					0.891254,					0,
				-3.49433e-17,					1,					1.17374e-16,					0,
				-0.891254,					2.20861e-17,					-0.453505,					0,
				5.55112e-17,					0.005,					-1.38778e-16,					1
			]
			,"mesh": 128
			,"name": "Pole_14.02.25-1"		}
,
		{
			"matrix": [
				0.707107,					7.67843e-34,					-0.707107,					0,
				5.27008e-35,					1,					1.13859e-33,					0,
				0.707107,					-8.42373e-34,					0.707107,					0,
				-4.97668e-14,					1.608,					-0.6,					1
			]
			,"mesh": 129
			,"name": "Side Pole-1"		}
,
		{
			"matrix": [
				0.727707,					4.6855e-18,					-0.685888,					0,
