{
  "asset": {
    "generator": "SOLIDWORKSGLTF",
    "version": "2.0"
  },
  "extensionsUsed": [
    "KHR_lights_punctual",
    "Solidworks_custom_properties",
    "KHR_draco_mesh_compression"
  ],
  "extensionsRequired": ["KHR_draco_mesh_compression"],
  "scene": 0,
  "scenes": [
    {
      "name": "Default - <Default>_Display State 1",
      "nodes": [0, 1]
    },
    {
      "name": "Default - Display State-1",
      "nodes": [0, 25]
    }
  ],
  "nodes": [
    {
      "matrix": [
        0, 0, 1, 0, 0, 1, 0, 0, -1, 0, 0, 0, -15.6796, 0.0832216, -0.210672, 1
      ],
      "camera": 0,
      "name": "current"
    },
    {
      "children": [
        2, 3, 4, 5, 6, 7, 8, 9, 10, 11, 12, 13, 14, 15, 16, 17, 18, 19, 20, 21,
        22, 23, 24
      ],
      "name": "T_NCSCM buoy"
    },
    {
      "matrix": [
        -0.542634, -5.72364e-15, 0.839969, 0, -2.68856e-16, 1, 6.64045e-15, 0,
        -0.839969, 3.37632e-15, -0.542634, 0, -0.0103997, 0.230962, 0.00662817,
        1
      ],
      "mesh": 0,
      "name": "T_fender flange-2"
    },
    {
      "matrix": [
        -0.252943, -6.68087e-15, 0.967481, 0, -0.266674, 0.961262, -0.0697206,
        0, -0.930003, -0.275637, -0.243145, 0, 0.384624, 0.245984, -0.127332, 1
      ],
      "mesh": 1,
      "name": "T_20 w solar panel-2"
    },
    {
      "matrix": [
        0.967481, -1.94117e-15, 0.252943, 0, -0.0697206, 0.961262, 0.266674, 0,
        -0.243145, -0.275637, 0.930003, 0, -0.14436, 0.245984, -0.388395, 1
      ],
      "mesh": 2,
      "name": "T_20 w solar panel-3"
    },
    {
      "matrix": [
        0.252943, 6.68087e-15, -0.967481, 0, 0.266674, 0.961262, 0.0697206, 0,
        0.930003, -0.275637, 0.243145, 0, -0.405423, 0.245984, 0.140588, 1
      ],
      "mesh": 3,
      "name": "T_20 w solar panel-4"
    },
    {
      "matrix": [
        1, 0, 0, 0, 0, 1, 0, 0, 0, 0, 1, 0, -0.0597935, 0.578521, 0.0995779, 1
      ],
      "mesh": 4,
      "name": "T_Part8-1"
    },
    {
      "matrix": [
        1, 0, 0, 0, 0, 1, 0, 0, 0, 0, 1, 0, -0.0103997, 0.220962, 0.00662817, 1
      ],
      "mesh": 5,
      "name": "T_NCSCM bottom-1"
    },
    {
      "matrix": [
        0.252943, 6.68087e-15, -0.967481, 0, 1.88159e-16, 1, 6.95462e-15, 0,
        0.967481, -1.94117e-15, 0.252943, 0, -0.0103997, 0.230962, 0.00662817, 1
      ],
      "mesh": 6,
      "name": "T_hexagon top ncscm-1"
    },
    {
      "matrix": [
        -0.967481, 1.94117e-15, -0.252943, 0, 0.0697206, 0.961262, -0.266674, 0,
        0.243145, -0.275637, -0.930003, 0, 0.12356, 0.245984, 0.401651, 1
      ],
      "mesh": 7,
      "name": "T_20 w solar panel-1"
    },
    {
      "matrix": [
        0.466018, -6.35011e-15, 0.884775, 0, -9.33057e-17, 1, 7.22624e-15, 0,
        -0.884775, -3.45011e-15, 0.466018, 0, -0.0103997, 0.177627, 0.00662817,
        1
      ],
      "mesh": 8,
      "name": "T_Fender for NCSCM-1"
    },
    {
      "matrix": [
        0.205378, 6.96593e-15, -0.978683, 0, -2.26189e-17, 1, 7.11292e-15, 0,
        0.978683, -1.4387e-15, 0.205378, 0, 0.052754, 0.598962, -0.0452784, 1
      ],
      "mesh": 9,
      "name": "T_lantern-2"
    },
    {
      "matrix": [
        -0.489609, 1.29393e-14, -0.871942, 0, -2.82639e-15, -1, -1.32526e-14, 0,
        -0.871942, -4.02414e-15, 0.489609, 0, -0.0103997, 0.317873, 0.00662817,
        1
      ],
      "mesh": 10,
      "name": "T_polycarbonate doom 900mm-1"
    },
    {
      "matrix": [
        0.673275, -5.2264e-15, 0.739392, 0, -3.49433e-17, 1, 7.10034e-15, 0,
        -0.739392, -4.80632e-15, 0.673275, 0, -0.0103997, -0.336038, 0.00662817,
        1
      ],
      "mesh": 11,
      "name": "T_water sensor mount frame-1"
    },
    {
      "matrix": [
        0.706106, -5.00312e-15, 0.708107, 0, -3.49433e-17, 1, 7.10034e-15, 0,
        -0.708107, -5.03833e-15, 0.706106, 0, -0.0103997, 0.187252, 0.00662817,
        1
      ],
      "mesh": 12,
      "name": "T_electric compartment NCSCM-1"
    },
    {
      "matrix": [
        0.706106, -5.00312e-15, 0.708107, 0, -3.49433e-17, 1, 7.10034e-15, 0,
        -0.708107, -5.03833e-15, 0.706106, 0, -0.0103997, 0.567252, 0.00662817,
        1
      ],
      "mesh": 13,
      "name": "T_lid for compartment-1"
    },
    {
      "matrix": [
        -0.929612, 2.74874e-15, -0.36854, 0, 1.53216e-16, 1, 7.072e-15, 0,
        0.36854, 6.51774e-15, -0.929612, 0, -0.0103997, 0.59103, 0.00662817, 1
      ],
      "mesh": 14,
      "name": "T_lid for NCSCM-1"
    },
    {
      "matrix": [
        1, 0, 0, 0, 0, 1, 0, 0, 0, 0, 1, 0, -0.012026, 0.189252, -0.0525597, 1
      ],
      "mesh": 15,
      "name": "T_40ah battery-1"
    },
    {
      "matrix": [
        -0.00824445, -5.99465e-15, 0.999966, 0, 0.972447, 0.232985, 0.00801756,
        0, -0.232977, 0.97248, -0.00192084, 0, 0.45323, 0.126406, 0.0119032, 1
      ],
      "mesh": 16,
      "name": "T_handle-1"
    },
    {
      "matrix": [
        -0.0572323, 7.00482e-15, -0.998361, 0, -3.47287e-18, -1, -7.01612e-15,
        0, -0.998361, -3.98081e-16, 0.0572323, 0, -0.0103997, -0.17043,
        0.00662817, 1
      ],
      "mesh": 17,
      "name": "T_Mooring point NCSCM-1"
    },
    {
      "matrix": [
        0.00824445, 6.98295e-15, -0.999966, 0, -0.899513, 0.436832, -0.00741624,
        0, 0.436817, 0.899543, 0.00360144, 0, -0.483387, 0.128596, 0.00418104, 1
      ],
      "mesh": 18,
      "name": "T_handle-2"
    },
    {
      "matrix": [
        0.542634, 5.7555e-15, -0.839969, 0, 6.45174e-16, 1, 7.2688e-15, 0,
        0.839969, -4.4874e-15, 0.542634, 0, -0.0103997, 0.230962, 0.00662817, 1
      ],
      "mesh": 19,
      "name": "T_fender flange-1"
    },
    {
      "matrix": [
        1, 0, 0, 0, 0, 1, 0, 0, 0, 0, 1, 0, -0.0523806, 0.189252, 0.0623774, 1
      ],
      "mesh": 20,
      "name": "T_40ah battery-3"
    },
    {
      "matrix": [
        0.68003, -5.17236e-15, 0.733184, 0, 2.58766e-17, -1, -7.07865e-15, 0,
        0.733184, 4.83267e-15, -0.68003, 0, -0.0103997, -0.336038, 0.00662817, 1
      ],
      "mesh": 21,
      "name": "T_Sensor protector-1"
    },
    {
      "matrix": [
        0.258279, -6.7326e-15, 0.96607, 0, 1.07041e-17, -1, -6.97191e-15, 0,
        0.96607, 1.81104e-15, -0.258279, 0, -0.0103997, 0.0884034, 0.00662817, 1
      ],
      "mesh": 22,
      "name": "T_Aquadrop water sensor-1"
    },
    {
      "children": [
        26, 27, 28, 29, 30, 31, 32, 33, 34, 35, 36, 37, 38, 39, 40, 41, 42, 43,
        44, 45, 46, 47, 48
      ],
      "name": "T_NCSCM buoy"
    },
    {
      "matrix": [
        -0.542634, -5.72364e-15, 0.839969, 0, -2.68856e-16, 1, 6.64045e-15, 0,
        -0.839969, 3.37632e-15, -0.542634, 0, -0.0103997, 0.230962, 0.00662817,
        1
      ],
      "mesh": 23,
      "name": "T_fender flange-2"
    },
    {
      "matrix": [
        -0.252943, -6.68087e-15, 0.967481, 0, -0.266674, 0.961262, -0.0697206,
        0, -0.930003, -0.275637, -0.243145, 0, 0.384624, 0.245984, -0.127332, 1
      ],
      "mesh": 24,
      "name": "T_20 w solar panel-2"
    },
    {
      "matrix": [
        0.967481, -1.94117e-15, 0.252943, 0, -0.0697206, 0.961262, 0.266674, 0,
        -0.243145, -0.275637, 0.930003, 0, -0.14436, 0.245984, -0.388395, 1
      ],
      "mesh": 25,
      "name": "T_20 w solar panel-3"
    },
    {
      "matrix": [
        0.252943, 6.68087e-15, -0.967481, 0, 0.266674, 0.961262, 0.0697206, 0,
        0.930003, -0.275637, 0.243145, 0, -0.405423, 0.245984, 0.140588, 1
      ],
      "mesh": 26,
      "name": "T_20 w solar panel-4"
    },
    {
      "matrix": [
        1, 0, 0, 0, 0, 1, 0, 0, 0, 0, 1, 0, -0.0597935, 0.578521, 0.0995779, 1
      ],
      "mesh": 27,
      "name": "T_Part8-1"
    },
    {
      "matrix": [
        1, 0, 0, 0, 0, 1, 0, 0, 0, 0, 1, 0, -0.0103997, 0.220962, 0.00662817, 1
      ],
      "mesh": 28,
      "name": "T_NCSCM bottom-1"
    },
    {
      "matrix": [
        0.252943, 6.68087e-15, -0.967481, 0, 1.88159e-16, 1, 6.95462e-15, 0,
        0.967481, -1.94117e-15, 0.252943, 0, -0.0103997, 0.230962, 0.00662817, 1
      ],
      "mesh": 29,
      "name": "T_hexagon top ncscm-1"
    },
    {
      "matrix": [
        -0.967481, 1.94117e-15, -0.252943, 0, 0.0697206, 0.961262, -0.266674, 0,
        0.243145, -0.275637, -0.930003, 0, 0.12356, 0.245984, 0.401651, 1
      ],
      "mesh": 30,
      "name": "T_20 w solar panel-1"
    },
    {
      "matrix": [
        0.466018, -6.35011e-15, 0.884775, 0, -9.33057e-17, 1, 7.22624e-15, 0,
        -0.884775, -3.45011e-15, 0.466018, 0, -0.0103997, 0.177627, 0.00662817,
        1
      ],
      "mesh": 31,
      "name": "T_Fender for NCSCM-1"
    },
    {
      "matrix": [
        0.205378, 6.96593e-15, -0.978683, 0, -2.26189e-17, 1, 7.11292e-15, 0,
        0.978683, -1.4387e-15, 0.205378, 0, 0.052754, 0.598962, -0.0452784, 1
      ],
      "mesh": 32,
      "name": "T_lantern-2"
    },
    {
      "matrix": [
        -0.489609, 1.29393e-14, -0.871942, 0, -2.82639e-15, -1, -1.32526e-14, 0,
        -0.871942, -4.02414e-15, 0.489609, 0, -0.0103997, 0.317873, 0.00662817,
        1
      ],
      "mesh": 33,
      "name": "T_polycarbonate doom 900mm-1"
    },
    {
      "matrix": [
        0.673275, -5.2264e-15, 0.739392, 0, -3.49433e-17, 1, 7.10034e-15, 0,
        -0.739392, -4.80632e-15, 0.673275, 0, -0.0103997, -0.336038, 0.00662817,
        1
      ],
      "mesh": 34,
      "name": "T_water sensor mount frame-1"
    },
    {
      "matrix": [
        0.706106, -5.00312e-15, 0.708107, 0, -3.49433e-17, 1, 7.10034e-15, 0,
        -0.708107, -5.03833e-15, 0.706106, 0, -0.0103997, 0.187252, 0.00662817,
        1
      ],
      "mesh": 35,
      "name": "T_electric compartment NCSCM-1"
    },
    {
      "matrix": [
        0.706106, -5.00312e-15, 0.708107, 0, -3.49433e-17, 1, 7.10034e-15, 0,
        -0.708107, -5.03833e-15, 0.706106, 0, -0.0103997, 0.567252, 0.00662817,
        1
      ],
      "mesh": 36,
      "name": "T_lid for compartment-1"
    },
    {
      "matrix": [
        -0.929612, 2.74874e-15, -0.36854, 0, 1.53216e-16, 1, 7.072e-15, 0,
        0.36854, 6.51774e-15, -0.929612, 0, -0.0103997, 0.59103, 0.00662817, 1
      ],
      "mesh": 37,
      "name": "T_lid for NCSCM-1"
    },
    {
      "matrix": [
        1, 0, 0, 0, 0, 1, 0, 0, 0, 0, 1, 0, -0.012026, 0.189252, -0.0525597, 1
      ],
      "mesh": 38,
      "name": "T_40ah battery-1"
    },
    {
      "matrix": [
        -0.00824445, -5.99465e-15, 0.999966, 0, 0.972447, 0.232985, 0.00801756,
        0, -0.232977, 0.97248, -0.00192084, 0, 0.45323, 0.126406, 0.0119032, 1
      ],
      "mesh": 39,
      "name": "T_handle-1"
    },
    {
      "matrix": [
        -0.0572323, 7.00482e-15, -0.998361, 0, -3.47287e-18, -1, -7.01612e-15,
        0, -0.998361, -3.98081e-16, 0.0572323, 0, -0.0103997, -0.17043,
        0.00662817, 1
      ],
      "mesh": 40,
      "name": "T_Mooring point NCSCM-1"
    },
    {
      "matrix": [
        0.00824445, 6.98295e-15, -0.999966, 0, -0.899513, 0.436832, -0.00741624,
        0, 0.436817, 0.899543, 0.00360144, 0, -0.483387, 0.128596, 0.00418104, 1
      ],
      "mesh": 41,
      "name": "T_handle-2"
    },
    {
      "matrix": [
        0.542634, 5.7555e-15, -0.839969, 0, 6.45174e-16, 1, 7.2688e-15, 0,
        0.839969, -4.4874e-15, 0.542634, 0, -0.0103997, 0.230962, 0.00662817, 1
      ],
      "mesh": 42,
      "name": "T_fender flange-1"
    },
    {
      "matrix": [
        1, 0, 0, 0, 0, 1, 0, 0, 0, 0, 1, 0, -0.0523806, 0.189252, 0.0623774, 1
      ],
      "mesh": 43,
      "name": "T_40ah battery-3"
    },
    {
      "matrix": [
        0.68003, -5.17236e-15, 0.733184, 0, 2.58766e-17, -1, -7.07865e-15, 0,
        0.733184, 4.83267e-15, -0.68003, 0, -0.0103997, -0.336038, 0.00662817, 1
      ],
      "mesh": 44,
      "name": "T_Sensor protector-1"
    },
    {
      "matrix": [
        0.258279, -6.7326e-15, 0.96607, 0, 1.07041e-17, -1, -6.97191e-15, 0,
        0.96607, 1.81104e-15, -0.258279, 0, -0.0103997, 0.0884034, 0.00662817, 1
      ],
      "mesh": 45,
      "name": "T_Aquadrop water sensor-1"
    }
  ],
  "cameras": [
    {
      "type": "orthographic",
      "orthographic": {
        "xmag": 1,
        "ymag": 1,
        "zfar": 100,
        "znear": 0.01
      }
    }
  ],
  "meshes": [
    {
      "primitives": [
        {
          "attributes": {
            "POSITION": 1,
            "NORMAL": 2,
            "TEXCOORD_0": 3
          },
          "indices": 0,
          "mode": 4,
          "material": 1,
          "extensions": {
            "KHR_draco_mesh_compression": {
              "bufferView": 0,
              "attributes": {
                "POSITION": 0,
                "NORMAL": 1,
                "TEXCOORD_0": 2
              }
            }
          }
        }
      ]
    },
    {
      "primitives": [
        {
          "attributes": {
            "POSITION": 5,
            "NORMAL": 6,
            "TEXCOORD_0": 7
          },
          "indices": 4,
          "mode": 4,
          "material": 2,
          "extensions": {
            "KHR_draco_mesh_compression": {
              "bufferView": 1,
              "attributes": {
                "POSITION": 0,
                "NORMAL": 1,
                "TEXCOORD_0": 2
              }
            }
          }
        }
      ]
    },
    {
      "primitives": [
        {
          "attributes": {
            "POSITION": 9,
            "NORMAL": 10,
            "TEXCOORD_0": 11
          },
          "indices": 8,
          "mode": 4,
          "material": 2,
          "extensions": {
            "KHR_draco_mesh_compression": {
              "bufferView": 2,
              "attributes": {
                "POSITION": 0,
                "NORMAL": 1,
                "TEXCOORD_0": 2
              }
            }
          }
        }
      ]
    },
    {
      "primitives": [
        {
          "attributes": {
            "POSITION": 13,
            "NORMAL": 14,
            "TEXCOORD_0": 15
          },
          "indices": 12,
          "mode": 4,
          "material": 2,
          "extensions": {
            "KHR_draco_mesh_compression": {
              "bufferView": 3,
              "attributes": {
                "POSITION": 0,
                "NORMAL": 1,
                "TEXCOORD_0": 2
              }
            }
          }
        }
      ]
    },
    {
      "primitives": [
        {
          "attributes": {
            "POSITION": 17,
            "NORMAL": 18,
            "TEXCOORD_0": 19
          },
          "indices": 16,
          "mode": 4,
          "material": 3,
          "extensions": {
            "KHR_draco_mesh_compression": {
              "bufferView": 4,
              "attributes": {
                "POSITION": 0,
                "NORMAL": 1,
                "TEXCOORD_0": 2
              }
            }
          }
        }
      ]
    },
    {
      "primitives": [
        {
          "attributes": {
            "POSITION": 21,
            "NORMAL": 22,
            "TEXCOORD_0": 23
          },
          "indices": 20,
          "mode": 4,
          "material": 4,
          "extensions": {
            "KHR_draco_mesh_compression": {
              "bufferView": 5,
              "attributes": {
                "POSITION": 0,
                "NORMAL": 1,
                "TEXCOORD_0": 2
              }
            }
          }
        }
      ]
    },
    {
      "primitives": [
        {
          "attributes": {
            "POSITION": 25,
            "NORMAL": 26,
            "TEXCOORD_0": 27
          },
          "indices": 24,
          "mode": 4,
          "material": 5,
          "extensions": {
            "KHR_draco_mesh_compression": {
              "bufferView": 6,
              "attributes": {
                "POSITION": 0,
                "NORMAL": 1,
                "TEXCOORD_0": 2
              }
            }
          }
        }
      ]
    },
    {
      "primitives": [
        {
          "attributes": {
            "POSITION": 29,
            "NORMAL": 30,
            "TEXCOORD_0": 31
          },
          "indices": 28,
          "mode": 4,
          "material": 2,
          "extensions": {
            "KHR_draco_mesh_compression": {
              "bufferView": 7,
              "attributes": {
                "POSITION": 0,
                "NORMAL": 1,
                "TEXCOORD_0": 2
              }
            }
          }
        }
      ]
    },
    {
      "primitives": [
        {
          "attributes": {
            "POSITION": 33,
            "NORMAL": 34,
            "TEXCOORD_0": 35
          },
          "indices": 32,
          "mode": 4,
          "material": 6,
          "extensions": {
            "KHR_draco_mesh_compression": {
              "bufferView": 8,
              "attributes": {
                "POSITION": 0,
                "NORMAL": 1,
                "TEXCOORD_0": 2
              }
            }
          }
        }
      ]
    },
    {
      "primitives": [
        {
          "attributes": {
            "POSITION": 37,
            "NORMAL": 38,
            "TEXCOORD_0": 39
          },
          "indices": 36,
          "mode": 4,
          "material": 0,
          "extensions": {
            "KHR_draco_mesh_compression": {
              "bufferView": 9,
              "attributes": {
                "POSITION": 0,
                "NORMAL": 1,
                "TEXCOORD_0": 2
              }
            }
          }
        },
        {
          "attributes": {
            "POSITION": 41,
            "NORMAL": 42,
            "TEXCOORD_0": 43
          },
          "indices": 40,
          "mode": 4,
          "material": 7,
          "extensions": {
            "KHR_draco_mesh_compression": {
              "bufferView": 10,
              "attributes": {
                "POSITION": 0,
                "NORMAL": 1,
                "TEXCOORD_0": 2
              }
            }
          }
        },
        {
          "attributes": {
            "POSITION": 45,
            "NORMAL": 46,
            "TEXCOORD_0": 47
          },
          "indices": 44,
          "mode": 4,
          "material": 8,
          "extensions": {
            "KHR_draco_mesh_compression": {
              "bufferView": 11,
              "attributes": {
                "POSITION": 0,
                "NORMAL": 1,
                "TEXCOORD_0": 2
              }
            }
          }
        }
      ]
    },
    {
      "primitives": [
        {
          "attributes": {
            "POSITION": 49,
            "NORMAL": 50,
            "TEXCOORD_0": 51
          },
          "indices": 48,
          "mode": 4,
          "material": 0,
          "extensions": {
            "KHR_draco_mesh_compression": {
              "bufferView": 12,
              "attributes": {
                "POSITION": 0,
                "NORMAL": 1,
                "TEXCOORD_0": 2
              }
            }
          }
        },
        {
          "attributes": {
            "POSITION": 53,
            "NORMAL": 54,
            "TEXCOORD_0": 55
          },
          "indices": 52,
          "mode": 4,
          "material": 9,
          "extensions": {
            "KHR_draco_mesh_compression": {
              "bufferView": 13,
              "attributes": {
                "POSITION": 0,
                "NORMAL": 1,
                "TEXCOORD_0": 2
              }
            }
          }
        },
        {
          "attributes": {
            "POSITION": 57,
            "NORMAL": 58,
            "TEXCOORD_0": 59
          },
          "indices": 56,
          "mode": 4,
          "material": 10,
          "extensions": {
            "KHR_draco_mesh_compression": {
              "bufferView": 14,
              "attributes": {
                "POSITION": 0,
                "NORMAL": 1,
                "TEXCOORD_0": 2
              }
            }
          }
        },
        {
          "attributes": {
            "POSITION": 61,
            "NORMAL": 62,
            "TEXCOORD_0": 63
          },
          "indices": 60,
          "mode": 4,
          "material": 11,
          "extensions": {
            "KHR_draco_mesh_compression": {
              "bufferView": 15,
              "attributes": {
                "POSITION": 0,
                "NORMAL": 1,
                "TEXCOORD_0": 2
              }
            }
          }
        }
      ]
    },
    {
      "primitives": [
        {
          "attributes": {
            "POSITION": 65,
            "NORMAL": 66,
            "TEXCOORD_0": 67
          },
          "indices": 64,
          "mode": 4,
          "material": 0,
          "extensions": {
            "KHR_draco_mesh_compression": {
              "bufferView": 16,
              "attributes": {
                "POSITION": 0,
                "NORMAL": 1,
                "TEXCOORD_0": 2
              }
            }
          }
        }
      ]
    },
    {
      "primitives": [
        {
          "attributes": {
            "POSITION": 69,
            "NORMAL": 70,
            "TEXCOORD_0": 71
          },
          "indices": 68,
          "mode": 4,
          "material": 12,
          "extensions": {
            "KHR_draco_mesh_compression": {
              "bufferView": 17,
              "attributes": {
                "POSITION": 0,
                "NORMAL": 1,
                "TEXCOORD_0": 2
              }
            }
          }
        },
        {
          "attributes": {
            "POSITION": 73,
            "NORMAL": 74,
            "TEXCOORD_0": 75
          },
          "indices": 72,
          "mode": 4,
          "material": 13,
          "extensions": {
            "KHR_draco_mesh_compression": {
              "bufferView": 18,
              "attributes": {
                "POSITION": 0,
                "NORMAL": 1,
                "TEXCOORD_0": 2
              }
            }
          }
        }
      ]
    },
    {
      "primitives": [
        {
          "attributes": {
            "POSITION": 77,
            "NORMAL": 78,
            "TEXCOORD_0": 79
          },
          "indices": 76,
          "mode": 4,
          "material": 14,
          "extensions": {
            "KHR_draco_mesh_compression": {
              "bufferView": 19,
              "attributes": {
                "POSITION": 0,
                "NORMAL": 1,
                "TEXCOORD_0": 2
              }
            }
          }
        }
      ]
    },
    {
      "primitives": [
        {
          "attributes": {
            "POSITION": 81,
            "NORMAL": 82,
            "TEXCOORD_0": 83
          },
          "indices": 80,
          "mode": 4,
          "material": 15,
          "extensions": {
            "KHR_draco_mesh_compression": {
              "bufferView": 20,
              "attributes": {
                "POSITION": 0,
                "NORMAL": 1,
                "TEXCOORD_0": 2
              }
            }
          }
        }
      ]
    },
    {
      "primitives": [
        {
          "attributes": {
            "POSITION": 85,
            "NORMAL": 86,
            "TEXCOORD_0": 87
          },
          "indices": 84,
          "mode": 4,
          "material": 0,
          "extensions": {
            "KHR_draco_mesh_compression": {
              "bufferView": 21,
              "attributes": {
                "POSITION": 0,
                "NORMAL": 1,
                "TEXCOORD_0": 2
              }
            }
          }
        }
      ]
    },
    {
      "primitives": [
        {
          "attributes": {
            "POSITION": 89,
            "NORMAL": 90,
            "TEXCOORD_0": 91
          },
          "indices": 88,
          "mode": 4,
          "material": 16,
          "extensions": {
            "KHR_draco_mesh_compression": {
              "bufferView": 22,
              "attributes": {
                "POSITION": 0,
                "NORMAL": 1,
                "TEXCOORD_0": 2
              }
            }
          }
        }
      ]
    },
    {
      "primitives": [
        {
          "attributes": {
            "POSITION": 93,
            "NORMAL": 94,
            "TEXCOORD_0": 95
          },
          "indices": 92,
          "mode": 4,
          "material": 17,
          "extensions": {
            "KHR_draco_mesh_compression": {
              "bufferView": 23,
              "attributes": {
                "POSITION": 0,
                "NORMAL": 1,
                "TEXCOORD_0": 2
              }
            }
          }
        }
      ]
    },
    {
      "primitives": [
        {
          "attributes": {
            "POSITION": 97,
            "NORMAL": 98,
            "TEXCOORD_0": 99
          },
          "indices": 96,
          "mode": 4,
          "material": 16,
          "extensions": {
            "KHR_draco_mesh_compression": {
              "bufferView": 24,
              "attributes": {
                "POSITION": 0,
                "NORMAL": 1,
                "TEXCOORD_0": 2
              }
            }
          }
        }
      ]
    },
    {
      "primitives": [
        {
          "attributes": {
            "POSITION": 101,
            "NORMAL": 102,
            "TEXCOORD_0": 103
          },
          "indices": 100,
          "mode": 4,
          "material": 1,
          "extensions": {
            "KHR_draco_mesh_compression": {
              "bufferView": 25,
              "attributes": {
                "POSITION": 0,
                "NORMAL": 1,
                "TEXCOORD_0": 2
              }
            }
          }
        }
      ]
    },
    {
      "primitives": [
        {
          "attributes": {
            "POSITION": 105,
            "NORMAL": 106,
            "TEXCOORD_0": 107
          },
          "indices": 104,
          "mode": 4,
          "material": 0,
          "extensions": {
            "KHR_draco_mesh_compression": {
              "bufferView": 26,
              "attributes": {
                "POSITION": 0,
                "NORMAL": 1,
                "TEXCOORD_0": 2
              }
            }
          }
        }
      ]
    },
    {
      "primitives": [
        {
          "attributes": {
            "POSITION": 109,
            "NORMAL": 110,
            "TEXCOORD_0": 111
          },
          "indices": 108,
          "mode": 4,
          "material": 0,
          "extensions": {
            "KHR_draco_mesh_compression": {
              "bufferView": 27,
              "attributes": {
                "POSITION": 0,
                "NORMAL": 1,
                "TEXCOORD_0": 2
              }
            }
          }
        }
      ]
    },
    {
      "primitives": [
        {
          "attributes": {
            "POSITION": 113,
            "NORMAL": 114,
            "TEXCOORD_0": 115
          },
          "indices": 112,
          "mode": 4,
          "material": 18,
          "extensions": {
            "KHR_draco_mesh_compression": {
              "bufferView": 28,
              "attributes": {
                "POSITION": 0,
                "NORMAL": 1,
                "TEXCOORD_0": 2
              }
            }
          }
        },
        {
          "attributes": {
            "POSITION": 117,
            "NORMAL": 118,
            "TEXCOORD_0": 119
          },
          "indices": 116,
          "mode": 4,
          "material": 19,
          "extensions": {
            "KHR_draco_mesh_compression": {
              "bufferView": 29,
              "attributes": {
                "POSITION": 0,
                "NORMAL": 1,
                "TEXCOORD_0": 2
              }
            }
          }
        }
      ]
    },
    {
      "primitives": [
        {
          "attributes": {
            "POSITION": 121,
            "NORMAL": 122,
            "TEXCOORD_0": 123
          },
          "indices": 120,
          "mode": 4,
          "material": 20,
          "extensions": {
            "KHR_draco_mesh_compression": {
              "bufferView": 30,
              "attributes": {
                "POSITION": 0,
                "NORMAL": 1,
                "TEXCOORD_0": 2
              }
            }
          }
        }
      ]
    },
    {
      "primitives": [
        {
          "attributes": {
            "POSITION": 125,
            "NORMAL": 126,
            "TEXCOORD_0": 127
          },
          "indices": 124,
          "mode": 4,
          "material": 21,
          "extensions": {
            "KHR_draco_mesh_compression": {
              "bufferView": 31,
              "attributes": {
                "POSITION": 0,
                "NORMAL": 1,
                "TEXCOORD_0": 2
              }
            }
          }
        }
      ]
    },
    {
      "primitives": [
        {
          "attributes": {
            "POSITION": 129,
            "NORMAL": 130,
            "TEXCOORD_0": 131
          },
          "indices": 128,
          "mode": 4,
          "material": 21,
          "extensions": {
            "KHR_draco_mesh_compression": {
              "bufferView": 32,
              "attributes": {
                "POSITION": 0,
                "NORMAL": 1,
                "TEXCOORD_0": 2
              }
            }
          }
        }
      ]
    },
    {
      "primitives": [
        {
          "attributes": {
            "POSITION": 133,
            "NORMAL": 134,
            "TEXCOORD_0": 135
          },
          "indices": 132,
          "mode": 4,
          "material": 21,
          "extensions": {
            "KHR_draco_mesh_compression": {
              "bufferView": 33,
              "attributes": {
                "POSITION": 0,
                "NORMAL": 1,
                "TEXCOORD_0": 2
              }
            }
          }
        }
      ]
    },
    {
      "primitives": [
        {
          "attributes": {
            "POSITION": 137,
            "NORMAL": 138,
            "TEXCOORD_0": 139
          },
          "indices": 136,
          "mode": 4,
          "material": 22,
          "extensions": {
            "KHR_draco_mesh_compression": {
              "bufferView": 34,
              "attributes": {
                "POSITION": 0,
                "NORMAL": 1,
                "TEXCOORD_0": 2
              }
            }
          }
        }
      ]
    },
    {
      "primitives": [
        {
          "attributes": {
            "POSITION": 141,
            "NORMAL": 142,
            "TEXCOORD_0": 143
          },
          "indices": 140,
          "mode": 4,
          "material": 23,
          "extensions": {
            "KHR_draco_mesh_compression": {
              "bufferView": 35,
              "attributes": {
                "POSITION": 0,
                "NORMAL": 1,
                "TEXCOORD_0": 2
              }
            }
          }
        }
      ]
    },
    {
      "primitives": [
        {
          "attributes": {
            "POSITION": 145,
            "NORMAL": 146,
            "TEXCOORD_0": 147
          },
          "indices": 144,
          "mode": 4,
          "material": 24,
          "extensions": {
            "KHR_draco_mesh_compression": {
              "bufferView": 36,
              "attributes": {
                "POSITION": 0,
                "NORMAL": 1,
                "TEXCOORD_0": 2
              }
            }
          }
        }
      ]
    },
    {
      "primitives": [
        {
          "attributes": {
            "POSITION": 149,
            "NORMAL": 150,
            "TEXCOORD_0": 151
          },
          "indices": 148,
          "mode": 4,
          "material": 21,
          "extensions": {
            "KHR_draco_mesh_compression": {
              "bufferView": 37,
              "attributes": {
                "POSITION": 0,
                "NORMAL": 1,
                "TEXCOORD_0": 2
              }
            }
          }
        }
      ]
    },
    {
      "primitives": [
        {
          "attributes": {
            "POSITION": 153,
            "NORMAL": 154,
            "TEXCOORD_0": 155
          },
          "indices": 152,
          "mode": 4,
          "material": 25,
          "extensions": {
            "KHR_draco_mesh_compression": {
              "bufferView": 38,
              "attributes": {
                "POSITION": 0,
                "NORMAL": 1,
                "TEXCOORD_0": 2
              }
            }
          }
        }
      ]
    },
    {
      "primitives": [
        {
          "attributes": {
            "POSITION": 157,
            "NORMAL": 158,
            "TEXCOORD_0": 159
          },
          "indices": 156,
          "mode": 4,
          "material": 0,
          "extensions": {
            "KHR_draco_mesh_compression": {
              "bufferView": 39,
              "attributes": {
                "POSITION": 0,
                "NORMAL": 1,
                "TEXCOORD_0": 2
              }
            }
          }
        },
        {
          "attributes": {
            "POSITION": 161,
            "NORMAL": 162,
            "TEXCOORD_0": 163
          },
          "indices": 160,
          "mode": 4,
          "material": 26,
          "extensions": {
            "KHR_draco_mesh_compression": {
              "bufferView": 40,
              "attributes": {
                "POSITION": 0,
                "NORMAL": 1,
                "TEXCOORD_0": 2
              }
            }
          }
        },
        {
          "attributes": {
            "POSITION": 165,
            "NORMAL": 166,
            "TEXCOORD_0": 167
          },
          "indices": 164,
          "mode": 4,
          "material": 27,
          "extensions": {
            "KHR_draco_mesh_compression": {
              "bufferView": 41,
              "attributes": {
                "POSITION": 0,
                "NORMAL": 1,
                "TEXCOORD_0": 2
              }
            }
          }
        }
      ]
    },
    {
      "primitives": [
        {
          "attributes": {
            "POSITION": 169,
            "NORMAL": 170,
            "TEXCOORD_0": 171
          },
          "indices": 168,
          "mode": 4,
          "material": 0,
          "extensions": {
            "KHR_draco_mesh_compression": {
              "bufferView": 42,
              "attributes": {
                "POSITION": 0,
                "NORMAL": 1,
                "TEXCOORD_0": 2
              }
            }
          }
        },
        {
          "attributes": {
            "POSITION": 173,
            "NORMAL": 174,
            "TEXCOORD_0": 175
          },
          "indices": 172,
          "mode": 4,
          "material": 28,
          "extensions": {
            "KHR_draco_mesh_compression": {
              "bufferView": 43,
              "attributes": {
                "POSITION": 0,
                "NORMAL": 1,
                "TEXCOORD_0": 2
              }
            }
          }
        },
        {
          "attributes": {
            "POSITION": 177,
            "NORMAL": 178,
            "TEXCOORD_0": 179
          },
          "indices": 176,
          "mode": 4,
          "material": 29,
          "extensions": {
            "KHR_draco_mesh_compression": {
              "bufferView": 44,
              "attributes": {
                "POSITION": 0,
                "NORMAL": 1,
                "TEXCOORD_0": 2
              }
            }
          }
        },
        {
          "attributes": {
            "POSITION": 181,
            "NORMAL": 182,
            "TEXCOORD_0": 183
          },
          "indices": 180,
          "mode": 4,
          "material": 30,
          "extensions": {
            "KHR_draco_mesh_compression": {
              "bufferView": 45,
              "attributes": {
                "POSITION": 0,
                "NORMAL": 1,
                "TEXCOORD_0": 2
              }
            }
          }
        }
      ]
    },
    {
      "primitives": [
        {
          "attributes": {
            "POSITION": 185,
            "NORMAL": 186,
            "TEXCOORD_0": 187
          },
          "indices": 184,
          "mode": 4,
          "material": 0,
          "extensions": {
            "KHR_draco_mesh_compression": {
              "bufferView": 46,
              "attributes": {
                "POSITION": 0,
                "NORMAL": 1,
                "TEXCOORD_0": 2
              }
            }
          }
        }
      ]
    },
    {
      "primitives": [
        {
          "attributes": {
            "POSITION": 189,
            "NORMAL": 190,
            "TEXCOORD_0": 191
          },
          "indices": 188,
          "mode": 4,
          "material": 31,
          "extensions": {
            "KHR_draco_mesh_compression": {
              "bufferView": 47,
              "attributes": {
                "POSITION": 0,
                "NORMAL": 1,
                "TEXCOORD_0": 2
              }
            }
          }
        },
        {
          "attributes": {
            "POSITION": 193,
            "NORMAL": 194,
            "TEXCOORD_0": 195
          },
          "indices": 192,
          "mode": 4,
          "material": 32,
          "extensions": {
            "KHR_draco_mesh_compression": {
              "bufferView": 48,
              "attributes": {
                "POSITION": 0,
                "NORMAL": 1,
                "TEXCOORD_0": 2
              }
            }
          }
        }
      ]
    },
    {
      "primitives": [
        {
          "attributes": {
            "POSITION": 197,
            "NORMAL": 198,
            "TEXCOORD_0": 199
          },
          "indices": 196,
          "mode": 4,
          "material": 33,
          "extensions": {
            "KHR_draco_mesh_compression": {
              "bufferView": 49,
              "attributes": {
                "POSITION": 0,
                "NORMAL": 1,
                "TEXCOORD_0": 2
              }
            }
          }
        }
      ]
    },
    {
      "primitives": [
        {
          "attributes": {
            "POSITION": 201,
            "NORMAL": 202,
            "TEXCOORD_0": 203
          },
          "indices": 200,
          "mode": 4,
          "material": 34,
          "extensions": {
            "KHR_draco_mesh_compression": {
              "bufferView": 50,
              "attributes": {
                "POSITION": 0,
                "NORMAL": 1,
                "TEXCOORD_0": 2
              }
