{
	"asset": {
		"generator": "SOLIDWORKSGLTF",
		"version" : "2.0"
	},
"extensionsUsed": [ "KHR_lights_punctual", "Solidworks_custom_properties", "KHR_draco_mesh_compression"],
"extensionsRequired": [ "KHR_draco_mesh_compression" ],
	"scene" : 0,
	"scenes": [
		{
			"name": "Default - Display State-1",
			"nodes": [
				0, 1]
		}
		,
		{
			"name": "Default - <Default>_Display State 1",
			"nodes": [
				0, 249]
		}
	],
	"nodes": [
		{
			"matrix": [
				0.996681,					0.0205969,					0.0787589,					0,
				-0.0124593,					0.99466,					-0.102452,					0,
				-0.0804485,					0.101131,					0.991615,					0,
				-9.91721,					10.9933,					106.16,					1
			]
			,"camera": 0
			,"name": "current"		}
,
		{
			"children": [
				2, 9, 12, 15, 16, 22, 23, 24, 25, 28, 29, 32, 35, 38, 39, 43, 46, 50, 54, 57, 68, 79, 82, 93, 104, 115, 118, 121, 132, 139, 140, 141, 142, 143, 144, 145, 146, 159, 160, 161, 162, 165, 166, 167, 168, 169, 174, 175, 178, 179, 180, 181, 182, 183, 184, 185, 189, 190, 193, 204, 205, 206, 209, 218, 228, 229, 230, 231, 232, 235, 246
			]
			,"name": "Qatar buoy assembly_13.02.25_13.03.25"		}
,
		{
			"children": [
				3, 4, 5, 6, 7, 8
			]
			,"matrix": [
				0.036286,					-0.998682,					-0.036286,					0,
				0.707107,					1.2837e-16,					0.707107,					0,
				-0.706175,					-0.0513162,					0.706175,					0,
				-0.104858,					-0.752872,					0.0962553,					1
			]
			,"name": "Mooring Chain_nEW-1_13.03_14.03-1"		}
,
		{
			"matrix": [
				0.0325645,					-0.998065,					-0.05297,					0,
				0.872737,					0.00256617,					0.488183,					0,
				-0.487103,					-0.0621264,					0.871132,					0,
				-0.115084,					-0.00760373,					0.218956,					1
			]
			,"mesh": 0
			,"name": "chain_13.03_14.03-13"		}
,
		{
			"matrix": [
				-6.93889e-18,					-1,					1.11022e-16,					0,
				0.851891,					5.22334e-17,					0.52372,					0,
				-0.52372,					9.82129e-17,					0.851891,					0,
				-0.0140527,					0.00296336,					0.0444003,					1
			]
			,"mesh": 1
			,"name": "chain_13.03_14.03-2"		}
,
		{
			"matrix": [
				0.858407,					-2.77556e-17,					0.51297,					0,
				7.36257e-17,					1,					-6.90981e-17,					0,
				-0.51297,					9.7082e-17,					0.858407,					0,
				0.0117637,					0.0029633,					0.00199098,					1
			]
			,"mesh": 2
			,"name": "chain_13.03_14.03-1"		}
,
		{
			"matrix": [
				-0.872737,					-0.00256617,					-0.488183,					0,
				0.0372361,					-0.997423,					-0.0613248,					0,
				-0.486768,					-0.0716984,					0.870584,					0,
				-0.0889979,					-0.00552613,					0.172767,					1
			]
			,"mesh": 3
			,"name": "chain_13.03_14.03-6"		}
,
		{
			"matrix": [
				0.0325645,					-0.998065,					-0.05297,					0,
				0.872737,					0.00256617,					0.488183,					0,
				-0.487103,					-0.0621264,					0.871132,					0,
				-0.0648241,					-0.00213207,					0.129533,					1
			]
			,"mesh": 4
			,"name": "chain_13.03_14.03-5"		}
,
		{
			"matrix": [
				0.851891,					8.32667e-17,					0.52372,					0,
				-0.0325645,					0.998065,					0.05297,					0,
				-0.522706,					-0.0621794,					0.850242,					0,
				-0.0400227,					0.000953358,					0.0866433,					1
			]
			,"mesh": 5
			,"name": "chain_13.03_14.03-3"		}
,
		{
			"children": [
				10, 11
			]
			,"matrix": [
				0.707107,					-3.4573e-15,					0.707107,					0,
				-0.597231,					0.535379,					0.597231,					0,
				-0.37857,					-0.844612,					0.37857,					0,
				0.16099,					-0.880342,					0.0862627,					1
			]
			,"name": "Shackle assembly_revR_REV_29.08.24_V4_8.5-3"		}
,
		{
			"mesh": 6
			,"name": "Shackle eye_REV1_REV_29.08.24_V4_8.5-1"		}
,
		{
			"matrix": [
				-3.4972e-15,					-2.77556e-17,					-1,					0,
				5.55112e-17,					1,					2.77556e-17,					0,
				1,					0,					-3.44169e-15,					0,
				-0.369898,					0.133601,					-5.83619e-07,					1
			]
			,"mesh": 7
			,"name": "shackle rod1_REV1_REV_29.08.24_V4_8.5-1"		}
,
		{
			"children": [
				13, 14
			]
			,"matrix": [
				-0.707107,					-1.19696e-16,					-0.707107,					0,
				0.00976256,					-0.999905,					-0.00976256,					0,
				-0.707039,					-0.0138063,					0.707039,					0,
				-0.122897,					-1.34523,					-0.120288,					1
			]
			,"name": "Shackle assembly_revR_REV_29.08.24_V4_8.5-6"		}
,
		{
			"mesh": 8
			,"name": "Shackle eye_REV1_REV_29.08.24_V4_8.5-1"		}
,
		{
			"matrix": [
				-3.44169e-15,					-2.60209e-18,					-1,					0,
				0,					1,					2.60209e-18,					0,
				1,					-8.67362e-19,					-3.44169e-15,					0,
				-0.369898,					0.133601,					-5.83619e-07,					1
			]
			,"mesh": 9
			,"name": "shackle rod1_REV1_REV_29.08.24_V4_8.5-1"		}
,
		{
			"matrix": [
				1,					0,					0,					0,
				0,					1,					0,					0,
				0,					0,					1,					0,
				-1.19128,					-4.67548,					0.00836288,					1
			]
			,"mesh": 10
			,"name": "Sinker 5T-1"		}
,
		{
			"children": [
				17, 18, 19, 20, 21
			]
			,"matrix": [
				-0.521707,					-0.851966,					0.0444558,					0,
				0.154207,					-0.145424,					-0.977278,					0,
				0.839072,					-0.502997,					0.207248,					0,
				-1.0348,					-3.45353,					0.00234535,					1
			]
			,"name": "Mooring Chain_nEW-1_13.03_14.03_15.03-2"		}
,
		{
			"matrix": [
				-0.872737,					-0.00256617,					-0.488183,					0,
				0.0372361,					-0.997423,					-0.0613248,					0,
				-0.486768,					-0.0716984,					0.870584,					0,
				-0.0889979,					-0.00552613,					0.172767,					1
			]
			,"mesh": 11
			,"name": "chain_13.03_14.03_15.03-6"		}
,
		{
			"matrix": [
				0.858407,					5.55112e-17,					0.51297,					0,
				-5.74876e-17,					1,					-1.20151e-17,					0,
				-0.51297,					-1.91756e-17,					0.858407,					0,
				0.0117637,					0.0029633,					0.00199098,					1
			]
			,"mesh": 12
			,"name": "chain_13.03_14.03_15.03-1"		}
,
		{
			"matrix": [
				0.0325645,					-0.998065,					-0.05297,					0,
				0.872737,					0.00256617,					0.488183,					0,
				-0.487103,					-0.0621264,					0.871132,					0,
				-0.0648241,					-0.00213207,					0.129533,					1
			]
			,"mesh": 13
			,"name": "chain_13.03_14.03_15.03-5"		}
,
		{
			"matrix": [
				0.851891,					1.94289e-16,					0.52372,					0,
				-0.0325645,					0.998065,					0.05297,					0,
				-0.522706,					-0.0621794,					0.850242,					0,
				-0.0400227,					0.000953358,					0.0866433,					1
			]
			,"mesh": 14
			,"name": "chain_13.03_14.03_15.03-3"		}
,
		{
			"matrix": [
				-5.55112e-17,					-1,					-5.55112e-17,					0,
				0.851891,					2.77556e-17,					0.52372,					0,
				-0.52372,					0,					0.851891,					0,
				-0.0140527,					0.00296336,					0.0444003,					1
			]
			,"mesh": 15
			,"name": "chain_13.03_14.03_15.03-2"		}
,
		{
			"matrix": [
				-0.707107,					3.25165e-33,					-0.707107,					0,
				-1.77684e-33,					1,					6.37537e-33,					0,
				0.707107,					5.76449e-33,					-0.707107,					0,
				-0.6,					1.608,					6.80241e-14,					1
			]
			,"mesh": 16
			,"name": "step pole with ladder_13.03.25-3"		}
,
		{
			"matrix": [
				-0.707107,					7.67843e-34,					0.707107,					0,
				-5.27008e-35,					1,					-1.13859e-33,					0,
				-0.707107,					-8.42373e-34,					-0.707107,					0,
				8.17469e-14,					1.608,					0.6,					1
			]
			,"mesh": 17
			,"name": "Side Pole_13.03.25-3"		}
,
		{
			"matrix": [
				-1,					1.17374e-16,					-8.42174e-17,					0,
				1.17374e-16,					1,					3.49433e-17,					0,
				8.42174e-17,					3.49433e-17,					-1,					0,
				0,					0.01,					0,					1
			]
			,"mesh": 18
			,"name": "3m collar_14.02 (1)_13.03.25-2"		}
,
		{
			"children": [
				26, 27
			]
			,"matrix": [
				0.707107,					2.92578e-15,					-0.707107,					0,
				2.06884e-15,					-1,					-2.06884e-15,					0,
				-0.707107,					0,					-0.707107,					0,
				-0.341578,					3.5105,					-0.341578,					1
			]
			,"name": "Solar frame assembly_13.03.25-2"		}
,
		{
			"mesh": 19
			,"name": "Solar frame_13.03.25-1"		}
,
		{
			"matrix": [
				1,					0,					0,					0,
				0,					1,					0,					0,
				0,					0,					1,					0,
				2.77556e-16,					0,					0.0142699,					1
			]
			,"mesh": 20
			,"name": "Part1_13.03.25-1"		}
,
		{
			"matrix": [
				1,					0,					0,					0,
				0,					1,					0,					0,
				0,					0,					1,					0,
				0,					0.01,					0,					1
			]
			,"mesh": 21
			,"name": "3m collar_14.02 (1)_13.03.25-4"		}
,
		{
			"children": [
				30, 31
			]
			,"matrix": [
				0.707107,					2.92578e-15,					0.707107,					0,
				2.06884e-15,					-1,					2.06884e-15,					0,
				0.707107,					0,					-0.707107,					0,
				0.341578,					2.3955,					-0.341578,					1
			]
			,"name": "Solar frame assembly_13.03.25-7"		}
,
		{
			"mesh": 22
			,"name": "Solar frame_13.03.25-1"		}
,
		{
			"matrix": [
				1,					0,					0,					0,
				0,					1,					0,					0,
				0,					0,					1,					0,
				3.05311e-16,					0,					0.0142699,					1
			]
			,"mesh": 23
			,"name": "Part1_13.03.25-1"		}
,
		{
			"children": [
				33, 34
			]
			,"matrix": [
				-0.707107,					2.92578e-15,					0.707107,					0,
				-2.06884e-15,					-1,					2.06884e-15,					0,
				0.707107,					0,					0.707107,					0,
				0.341578,					2.3955,					0.341578,					1
			]
			,"name": "Solar frame assembly_13.03.25-8"		}
,
		{
			"mesh": 24
			,"name": "Solar frame_13.03.25-1"		}
,
		{
			"matrix": [
				1,					0,					0,					0,
				0,					1,					0,					0,
				0,					0,					1,					0,
				2.77556e-16,					0,					0.0142699,					1
			]
			,"mesh": 25
			,"name": "Part1_13.03.25-1"		}
,
		{
			"children": [
				36, 37
			]
			,"matrix": [
				0.707107,					2.92578e-15,					0.707107,					0,
				2.06884e-15,					-1,					2.06884e-15,					0,
				0.707107,					0,					-0.707107,					0,
				0.341578,					3.5105,					-0.341578,					1
			]
			,"name": "Solar frame assembly_13.03.25-5"		}
,
		{
			"mesh": 26
			,"name": "Solar frame_13.03.25-1"		}
,
		{
			"matrix": [
				1,					0,					0,					0,
				0,					1,					0,					0,
				0,					0,					1,					0,
				2.77556e-16,					0,					0.0142699,					1
			]
			,"mesh": 27
			,"name": "Part1_13.03.25-1"		}
,
		{
			"matrix": [
				3.40726e-15,					1.17374e-16,					1,					0,
				3.49433e-17,					1,					-1.17374e-16,					0,
				-1,					3.49433e-17,					3.40726e-15,					0,
				0,					0.01,					0,					1
			]
			,"mesh": 28
			,"name": "3m collar_14.02 (1)_13.03.25-3"		}
,
		{
			"children": [
				40, 41, 42
			]
			,"matrix": [
				0.874737,					-7.97973e-17,					-0.484598,					0,
				0.484598,					4.16334e-17,					0.874737,					0,
				-5.51927e-17,					-1,					6.245e-17,					0,
				-0.626729,					1.92753,					0.0592555,					1
			]
			,"name": "door hinge_011_18.02.25_13.03.25-4"		}
,
		{
			"matrix": [
				1.25505e-18,					-1.37522e-17,					1,					0,
				0.27587,					0.961195,					-3.86419e-30,					0,
				-0.961195,					0.27587,					-1.1155e-30,					0,
				-0.00538381,					-0.0223834,					-0.035,					1
			]
			,"mesh": 29
			,"name": "_01Hinge PT1_18.02.25_13.03.25-1"		}
,
		{
			"matrix": [
				-1.25505e-18,					1.37522e-17,					-1,					0,
				-0.27587,					-0.961195,					-6.16298e-33,					0,
				-0.961195,					0.27587,					-1.2326e-32,					0,
				0.0073062,					0.0218316,					0.035,					1
			]
			,"mesh": 30
			,"name": "_01Hinge PT2_18.02.25_13.03.25-1"		}
,
		{
			"mesh": 31
			,"name": "_01Hinge Rod_18.02.25_13.03.25-1"		}
,
		{
			"children": [
				44, 45
			]
			,"matrix": [
				-0.707107,					2.92578e-15,					0.707107,					0,
				-2.06884e-15,					-1,					2.06884e-15,					0,
				0.707107,					0,					0.707107,					0,
				0.341578,					3.5105,					0.341578,					1
			]
			,"name": "Solar frame assembly_13.03.25-6"		}
,
		{
			"mesh": 32
			,"name": "Solar frame_13.03.25-1"		}
,
		{
			"matrix": [
				1,					0,					0,					0,
				0,					1,					0,					0,
				0,					0,					1,					0,
				2.77556e-16,					0,					0.0142699,					1
			]
			,"mesh": 33
			,"name": "Part1_13.03.25-1"		}
,
		{
			"children": [
				47, 48, 49
			]
			,"matrix": [
				0.874737,					-7.97973e-17,					-0.484598,					0,
				0.484598,					4.16334e-17,					0.874737,					0,
				-5.51927e-17,					-1,					6.245e-17,					0,
				-0.626729,					3.04253,					0.0592555,					1
			]
			,"name": "door hinge_011_18.02.25_13.03.25-3"		}
,
		{
			"matrix": [
				1.25505e-18,					-1.37522e-17,					1,					0,
				0.27587,					0.961195,					-3.86419e-30,					0,
				-0.961195,					0.27587,					-1.1155e-30,					0,
				-0.00538381,					-0.0223834,					-0.035,					1
			]
			,"mesh": 34
			,"name": "_01Hinge PT1_18.02.25_13.03.25-1"		}
,
		{
			"matrix": [
				-1.25505e-18,					1.37522e-17,					-1,					0,
				-0.27587,					-0.961195,					-6.16298e-33,					0,
				-0.961195,					0.27587,					-1.2326e-32,					0,
				0.0073062,					0.0218316,					0.035,					1
			]
			,"mesh": 35
			,"name": "_01Hinge PT2_18.02.25_13.03.25-1"		}
,
		{
			"mesh": 36
			,"name": "_01Hinge Rod_18.02.25_13.03.25-1"		}
,
		{
			"children": [
				51, 52, 53
			]
			,"matrix": [
				0.874737,					-7.97973e-17,					-0.484598,					0,
				0.484598,					4.16334e-17,					0.874737,					0,
				-5.51927e-17,					-1,					6.245e-17,					0,
				-0.626729,					2.86253,					0.0592555,					1
			]
			,"name": "door hinge_011_18.02.25_13.03.25-2"		}
,
		{
			"matrix": [
				1.25505e-18,					-1.37522e-17,					1,					0,
				0.27587,					0.961195,					-3.86419e-30,					0,
				-0.961195,					0.27587,					-1.1155e-30,					0,
				-0.00538381,					-0.0223834,					-0.035,					1
			]
			,"mesh": 37
			,"name": "_01Hinge PT1_18.02.25_13.03.25-1"		}
,
		{
			"matrix": [
				-1.25505e-18,					1.37522e-17,					-1,					0,
				-0.27587,					-0.961195,					-6.16298e-33,					0,
				-0.961195,					0.27587,					-1.2326e-32,					0,
				0.0073062,					0.0218316,					0.035,					1
			]
			,"mesh": 38
			,"name": "_01Hinge PT2_18.02.25_13.03.25-1"		}
,
		{
			"mesh": 39
			,"name": "_01Hinge Rod_18.02.25_13.03.25-1"		}
,
		{
			"children": [
				55, 56
			]
			,"matrix": [
				0.707107,					-3.4573e-15,					0.707107,					0,
				0.597231,					0.535379,					-0.597231,					0,
				-0.37857,					0.844612,					0.37857,					0,
				0.0862623,					-0.880341,					0.160991,					1
			]
			,"name": "Shackle assembly_revR_REV_29.08.24_V4_8.5-5"		}
,
		{
			"mesh": 40
			,"name": "Shackle eye_REV1_REV_29.08.24_V4_8.5-1"		}
,
		{
			"matrix": [
				-3.44169e-15,					-5.55112e-17,					-1,					0,
				5.55112e-17,					1,					-5.55112e-17,					0,
				1,					-5.55112e-17,					-3.44169e-15,					0,
				-0.369898,					0.133601,					-5.83619e-07,					1
			]
			,"mesh": 41
			,"name": "shackle rod1_REV1_REV_29.08.24_V4_8.5-1"		}
,
		{
			"children": [
				58, 59, 60, 61, 62, 63, 64, 65, 66, 67
			]
			,"matrix": [
				0.609497,					0.506978,					-0.609497,					0,
				-0.707107,					-1.38302e-16,					-0.707107,					0,
				-0.358488,					0.861959,					0.358488,					0,
				-0.302222,					-0.632654,					0.290967,					1
			]
			,"name": "Mooring Chain_nEW-1_13.03-1"		}
,
		{
			"matrix": [
				-0.0365127,					0.997554,					0.0596101,					0,
				-0.920999,					-0.0104401,					-0.389424,					0,
				-0.387849,					-0.0691198,					0.919128,					0,
				-0.186987,					-0.022822,					0.400096,					1
			]
			,"mesh": 42
			,"name": "chain_13.03-11"		}
,
		{
			"matrix": [
				0.0365122,					-0.997554,					-0.059609,					0,
				0.920999,					0.01044,					0.389424,					0,
				-0.387849,					-0.0691186,					0.919128,					0,
				-0.148474,					-0.0159584,					0.308827,					1
			]
			,"mesh": 43
			,"name": "chain_13.03-9"		}
,
		{
			"matrix": [
				-0.920999,					-0.01044,					-0.389424,					0,
				0.0365127,					-0.997554,					-0.0596101,					0,
				-0.387849,					-0.0691198,					0.919128,					0,
				-0.16773,					-0.0193902,					0.354461,					1
			]
			,"mesh": 44
			,"name": "chain_13.03-10"		}
,
		{
			"matrix": [
				0,					-1,					5.55112e-17,					0,
				0.851891,					2.90723e-17,					0.52372,					0,
				-0.52372,					4.72894e-17,					0.851891,					0,
				-0.0140527,					0.00296336,					0.0444003,					1
			]
			,"mesh": 45
			,"name": "chain_13.03-2"		}
,
		{
			"matrix": [
				-0.872737,					-0.00256617,					-0.488183,					0,
				0.0372361,					-0.997423,					-0.0613248,					0,
				-0.486768,					-0.0716984,					0.870584,					0,
				-0.0889979,					-0.00552613,					0.172767,					1
			]
			,"mesh": 46
			,"name": "chain_13.03-6"		}
,
		{
			"matrix": [
				0.0372361,					-0.997423,					-0.0613248,					0,
				0.92102,					0.0104436,					0.389376,					0,
				-0.387732,					-0.0709802,					0.919035,					0,
				-0.109965,					-0.00906267,					0.217558,					1
			]
			,"mesh": 47
			,"name": "chain_13.03-7"		}
,
		{
			"matrix": [
				-0.92102,					-0.0104436,					-0.389376,					0,
				0.0365122,					-0.997554,					-0.059609,					0,
				-0.387801,					-0.069118,					0.919148,					0,
				-0.129218,					-0.0125267,					0.263192,					1
			]
			,"mesh": 48
			,"name": "chain_13.03-8"		}
,
		{
			"matrix": [
				0.851891,					3.05311e-16,					0.52372,					0,
				-0.0325645,					0.998065,					0.05297,					0,
				-0.522706,					-0.0621794,					0.850242,					0,
				-0.0400227,					0.000953358,					0.0866433,					1
			]
			,"mesh": 49
			,"name": "chain_13.03-3"		}
,
		{
			"matrix": [
				0.858407,					1.38778e-16,					0.51297,					0,
				0,					1,					-5.55112e-17,					0,
				-0.51297,					-5.55112e-17,					0.858407,					0,
				0.0117637,					0.0029633,					0.00199098,					1
			]
			,"mesh": 50
			,"name": "chain_13.03-1"		}
,
		{
			"matrix": [
				0.0325645,					-0.998065,					-0.05297,					0,
				0.872737,					0.00256617,					0.488183,					0,
				-0.487103,					-0.0621264,					0.871132,					0,
				-0.0648241,					-0.00213207,					0.129533,					1
			]
			,"mesh": 51
			,"name": "chain_13.03-5"		}
,
		{
			"children": [
				69, 70, 71, 72, 73, 74, 75, 76, 77, 78
			]
			,"matrix": [
				-0.65128,					0.389445,					-0.65128,					0,
				0.707107,					-8.32667e-17,					-0.707107,					0,
				-0.275379,					-0.92105,					-0.275379,					0,
				0.0121143,					-1.67448,					0.0166676,					1
			]
			,"name": "Mooring Chain_nEW-1_13.03-3"		}
,
		{
			"matrix": [
				-0.0365127,					0.997554,					0.0596101,					0,
				-0.920999,					-0.0104401,					-0.389424,					0,
				-0.387849,					-0.0691198,					0.919128,					0,
				-0.186987,					-0.022822,					0.400096,					1
			]
			,"mesh": 52
			,"name": "chain_13.03-11"		}
,
		{
			"matrix": [
				0.0365122,					-0.997554,					-0.059609,					0,
				0.920999,					0.01044,					0.389424,					0,
				-0.387849,					-0.0691186,					0.919128,					0,
				-0.148474,					-0.0159584,					0.308827,					1
			]
			,"mesh": 53
			,"name": "chain_13.03-9"		}
,
		{
			"matrix": [
				-0.920999,					-0.01044,					-0.389424,					0,
				0.0365127,					-0.997554,					-0.0596101,					0,
				-0.387849,					-0.0691198,					0.919128,					0,
				-0.16773,					-0.0193902,					0.354461,					1
			]
			,"mesh": 54
			,"name": "chain_13.03-10"		}
,
		{
			"matrix": [
				5.55112e-17,					-1,					8.32667e-17,					0,
				0.851891,					9.08978e-17,					0.52372,					0,
				-0.52372,					4.18619e-17,					0.851891,					0,
				-0.0140527,					0.00296336,					0.0444003,					1
			]
			,"mesh": 55
			,"name": "chain_13.03-2"		}
,
		{
			"matrix": [
				-0.872737,					-0.00256617,					-0.488183,					0,
				0.0372361,					-0.997423,					-0.0613248,					0,
				-0.486768,					-0.0716984,					0.870584,					0,
				-0.0889979,					-0.00552613,					0.172767,					1
			]
			,"mesh": 56
			,"name": "chain_13.03-6"		}
,
		{
			"matrix": [
				0.0372361,					-0.997423,					-0.0613248,					0,
				0.92102,					0.0104436,					0.389376,					0,
				-0.387732,					-0.0709802,					0.919035,					0,
				-0.109965,					-0.00906267,					0.217558,					1
			]
			,"mesh": 57
			,"name": "chain_13.03-7"		}
,
		{
			"matrix": [
				-0.92102,					-0.0104436,					-0.389376,					0,
				0.0365122,					-0.997554,					-0.059609,					0,
				-0.387801,					-0.069118,					0.919148,					0,
				-0.129218,					-0.0125267,					0.263192,					1
			]
			,"mesh": 58
			,"name": "chain_13.03-8"		}
,
		{
			"matrix": [
				0.851891,					5.55112e-17,					0.52372,					0,
				-0.0325645,					0.998065,					0.05297,					0,
				-0.522706,					-0.0621794,					0.850242,					0,
				-0.0400227,					0.000953358,					0.0866433,					1
			]
			,"mesh": 59
			,"name": "chain_13.03-3"		}
,
		{
			"matrix": [
				0.858407,					0,					0.51297,					0,
				2.20583e-17,					1,					-3.69125e-17,					0,
				-0.51297,					4.30012e-17,					0.858407,					0,
				0.0117637,					0.0029633,					0.00199098,					1
			]
			,"mesh": 60
			,"name": "chain_13.03-1"		}
,
		{
			"matrix": [
				0.0325645,					-0.998065,					-0.05297,					0,
				0.872737,					0.00256617,					0.488183,					0,
				-0.487103,					-0.0621264,					0.871132,					0,
				-0.0648241,					-0.00213207,					0.129533,					1
			]
			,"mesh": 61
			,"name": "chain_13.03-5"		}
,
		{
			"children": [
				80, 81
			]
			,"matrix": [
				-0.157498,					-0.981516,					0.108724,					0,
				-0.985121,					0.163829,					0.051934,					0,
				-0.0687862,					-0.0989269,					-0.992714,					0,
				-0.90146,					-3.59089,					-0.00776245,					1
			]
			,"name": "Shackle assembly 35T-3"		}
,
		{
			"matrix": [
				-1.38778e-17,					0.0543206,					0.998524,					0,
				3.64292e-17,					-0.998524,					0.0543206,					0,
				1,					-7.02563e-17,					1.38778e-17,					0,
				-0.380768,					0.211356,					1.08909e-06,					1
			]
			,"mesh": 62
			,"name": "shackle rod1 13.5T_v5_35T-1"		}
,
		{
			"mesh": 63
			,"name": "Shackle eye 13.5T_v5_35T-1"		}
,
		{
			"children": [
				83, 84, 85, 86, 87, 88, 89, 90, 91, 92
			]
			,"matrix": [
				-0.999858,					-0.000600922,					0.01683,					0,
				-0.0168408,					0.0351935,					-0.999239,					0,
				8.15775e-06,					-0.99938,					-0.0351986,					0,
				-0.284697,					-3.34107,					0.0916594,					1
			]
			,"name": "Mooring Chain_Sinker_REV_U-chain-1"		}
,
		{
			"matrix": [
				0.778114,					0.00355453,					-0.628113,					0,
				0.114042,					0.982565,					0.146837,					0,
				0.617684,					-0.185887,					0.764142,					0,
				-0.231569,					-0.0160947,					0.384653,					1
			]
			,"mesh": 64
			,"name": "chain_U-chain-3"		}
,
		{
			"matrix": [
				0.889162,					0.00549818,					-0.45756,					0,
				-0.00902383,					0.999944,					-0.00552009,					0,
				0.457504,					0.0090372,					0.889162,					0,
				-0.290645,					-0.0107372,					0.305915,					1
			]
			,"mesh": 65
			,"name": "chain_U-chain-1"		}
,
		{
			"matrix": [
				0.00902383,					-0.999944,					0.00552009,					0,
				0.778114,					0.00355453,					-0.628113,					0,
				0.628058,					0.00996324,					0.778103,					0,
				-0.262417,					-0.0102585,					0.346472,					1
			]
			,"mesh": 66
			,"name": "chain_U-chain-2"		}
,
		{
			"matrix": [
				0.458982,					-0.0640282,					0.886135,					0,
				-0.00500945,					-0.99757,					-0.0694854,					0,
				0.888432,					0.0274535,					-0.458187,					0,
				-0.0553858,					-0.0102971,					0.447203,					1
			]
			,"mesh": 67
			,"name": "chain_U-chain-8"		}
,
		{
			"matrix": [
				-0.135985,					0.977578,					0.160778,					0,
				0.652063,					-0.0338625,					0.757408,					0,
				0.74587,					0.207833,					-0.632838,					0,
				0.0665888,					0.00859098,					0.365409,					1
			]
			,"mesh": 68
			,"name": "chain_U-chain-11"		}
,
		{
			"matrix": [
				0.229651,					-0.965635,					0.121698,					0,
				0.613585,					0.0465824,					-0.788253,					0,
				0.755496,					0.255695,					0.603197,					0,
				-0.195422,					-0.012098,					0.418126,					1
			]
			,"mesh": 69
			,"name": "chain_U-chain-5"		}
,
		{
			"matrix": [
				-0.00500945,					-0.99757,					-0.0694854,					0,
				-0.548562,					0.0608392,					-0.833894,					0,
				0.836095,					0.0339397,					-0.547534,					0,
				-0.012967,					-0.00872429,					0.421566,					1
			]
			,"mesh": 70
			,"name": "chain_U-chain-9"		}
,
		{
			"matrix": [
				0.548562,					-0.0608392,					0.833894,					0,
				0.135985,					-0.977578,					-0.160778,					0,
				0.824978,					0.201594,					-0.527989,					0,
				0.0281858,					-0.00161984,					0.395013,					1
			]
			,"mesh": 71
			,"name": "chain_U-chain-10"		}
,
		{
			"matrix": [
				-0.607906,					-0.0469556,					0.792619,					0,
				-0.012657,					-0.99755,					-0.0688033,					0,
				0.793908,					-0.0518581,					0.605823,					0,
				-0.152394,					-0.00965807,					0.451921,					1
			]
			,"mesh": 72
			,"name": "chain_U-chain-6"		}
,
		{
			"matrix": [
				-0.012657,					-0.99755,					-0.0688033,					0,
				-0.0884377,					0.0696559,					-0.993643,					0,
				0.996001,					-0.0064917,					-0.0891027,					0,
				-0.106444,					-0.0107664,					0.459537,					1
			]
			,"mesh": 73
			,"name": "chain_U-chain-7"		}
,
		{
			"children": [
				94, 95, 96, 97, 98, 99, 100, 101, 102, 103
			]
			,"matrix": [
				0.676909,					-0.389445,					-0.624601,					0,
				-0.678141,					-2.09513e-17,					-0.734932,					0,
				0.286216,					0.92105,					-0.264099,					0,
				0.00310965,					-3.10211,					0.0580534,					1
			]
			,"name": "Mooring Chain_nEW-1_13.03-5"		}
,
		{
			"matrix": [
				-0.0365127,					0.997554,					0.0596101,					0,
				-0.920999,					-0.0104401,					-0.389424,					0,
				-0.387849,					-0.0691198,					0.919128,					0,
				-0.186987,					-0.022822,					0.400096,					1
			]
			,"mesh": 74
			,"name": "chain_13.03-11"		}
,
		{
			"matrix": [
				0.0365122,					-0.997554,					-0.059609,					0,
				0.920999,					0.01044,					0.389424,					0,
				-0.387849,					-0.0691186,					0.919128,					0,
				-0.148474,					-0.0159584,					0.308827,					1
			]
			,"mesh": 75
			,"name": "chain_13.03-9"		}
,
		{
			"matrix": [
				-0.920999,					-0.01044,					-0.389424,					0,
				0.0365127,					-0.997554,					-0.0596101,					0,
				-0.387849,					-0.0691198,					0.919128,					0,
				-0.16773,					-0.0193902,					0.354461,					1
			]
			,"mesh": 76
			,"name": "chain_13.03-10"		}
,
		{
			"matrix": [
				-1.11022e-16,					-1,					5.55112e-17,					0,
				0.851891,					0,					0.52372,					0,
				-0.52372,					1.38778e-17,					0.851891,					0,
				-0.0140527,					0.00296336,					0.0444003,					1
			]
			,"mesh": 77
			,"name": "chain_13.03-2"		}
,
		{
			"matrix": [
				-0.872737,					-0.00256617,					-0.488183,					0,
				0.0372361,					-0.997423,					-0.0613248,					0,
				-0.486768,					-0.0716984,					0.870584,					0,
				-0.0889979,					-0.00552613,					0.172767,					1
			]
			,"mesh": 78
			,"name": "chain_13.03-6"		}
,
		{
			"matrix": [
				0.0372361,					-0.997423,					-0.0613248,					0,
				0.92102,					0.0104436,					0.389376,					0,
				-0.387732,					-0.0709802,					0.919035,					0,
				-0.109965,					-0.00906267,					0.217558,					1
			]
			,"mesh": 79
			,"name": "chain_13.03-7"		}
,
		{
			"matrix": [
				-0.92102,					-0.0104436,					-0.389376,					0,
				0.0365122,					-0.997554,					-0.059609,					0,
				-0.387801,					-0.069118,					0.919148,					0,
				-0.129218,					-0.0125267,					0.263192,					1
			]
			,"mesh": 80
			,"name": "chain_13.03-8"		}
,
		{
			"matrix": [
				0.851891,					5.55112e-17,					0.52372,					0,
				-0.0325645,					0.998065,					0.05297,					0,
				-0.522706,					-0.0621794,					0.850242,					0,
				-0.0400227,					0.000953358,					0.0866433,					1
			]
			,"mesh": 81
			,"name": "chain_13.03-3"		}
,
		{
			"matrix": [
				0.858407,					1.66533e-16,					0.51297,					0,
				-5.55112e-17,					1,					-1.11022e-16,					0,
				-0.51297,					1.38778e-17,					0.858407,					0,
				0.0117637,					0.0029633,					0.00199098,					1
			]
			,"mesh": 82
			,"name": "chain_13.03-1"		}
,
		{
			"matrix": [
				0.0325645,					-0.998065,					-0.05297,					0,
				0.872737,					0.00256617,					0.488183,					0,
				-0.487103,					-0.0621264,					0.871132,					0,
				-0.0648241,					-0.00213207,					0.129533,					1
			]
			,"mesh": 83
			,"name": "chain_13.03-5"		}
,
		{
			"children": [
				105, 106, 107, 108, 109, 110, 111, 112, 113, 114
			]
			,"matrix": [
				-0.596737,					-0.389445,					0.701596,					0,
				0.761735,					-3.09224e-17,					0.647888,					0,
				-0.252317,					0.92105,					0.296654,					0,
				0.0146467,					-2.60764,					0.0754851,					1
			]
			,"name": "Mooring Chain_nEW-1_13.03-4"		}
,
		{
			"matrix": [
				-0.0365127,					0.997554,					0.0596101,					0,
				-0.920999,					-0.0104401,					-0.389424,					0,
				-0.387849,					-0.0691198,					0.919128,					0,
				-0.186987,					-0.022822,					0.400096,					1
			]
			,"mesh": 84
			,"name": "chain_13.03-11"		}
,
		{
			"matrix": [
				0.0365122,					-0.997554,					-0.059609,					0,
				0.920999,					0.01044,					0.389424,					0,
				-0.387849,					-0.0691186,					0.919128,					0,
				-0.148474,					-0.0159584,					0.308827,					1
			]
			,"mesh": 85
			,"name": "chain_13.03-9"		}
,
		{
			"matrix": [
				-0.920999,					-0.01044,					-0.389424,					0,
				0.0365127,					-0.997554,					-0.0596101,					0,
				-0.387849,					-0.0691198,					0.919128,					0,
				-0.16773,					-0.0193902,					0.354461,					1
			]
			,"mesh": 86
			,"name": "chain_13.03-10"		}
,
		{
			"matrix": [
				2.77556e-16,					-1,					8.32667e-17,					0,
				0.851891,					1.11022e-16,					0.52372,					0,
				-0.52372,					0,					0.851891,					0,
				-0.0140527,					0.00296336,					0.0444003,					1
			]
			,"mesh": 87
			,"name": "chain_13.03-2"		}
,
		{
			"matrix": [
				-0.872737,					-0.00256617,					-0.488183,					0,
				0.0372361,					-0.997423,					-0.0613248,					0,
				-0.486768,					-0.0716984,					0.870584,					0,
				-0.0889979,					-0.00552613,					0.172767,					1
			]
			,"mesh": 88
			,"name": "chain_13.03-6"		}
,
		{
			"matrix": [
				0.0372361,					-0.997423,					-0.0613248,					0,
				0.92102,					0.0104436,					0.389376,					0,
				-0.387732,					-0.0709802,					0.919035,					0,
				-0.109965,					-0.00906267,					0.217558,					1
			]
			,"mesh": 89
			,"name": "chain_13.03-7"		}
,
		{
			"matrix": [
				-0.92102,					-0.0104436,					-0.389376,					0,
				0.0365122,					-0.997554,					-0.059609,					0,
				-0.387801,					-0.069118,					0.919148,					0,
				-0.129218,					-0.0125267,					0.263192,					1
			]
			,"mesh": 90
			,"name": "chain_13.03-8"		}
,
		{
			"matrix": [
				0.851891,					1.11022e-16,					0.52372,					0,
				-0.0325645,					0.998065,					0.05297,					0,
				-0.522706,					-0.0621794,					0.850242,					0,
				-0.0400227,					0.000953358,					0.0866433,					1
			]
			,"mesh": 91
			,"name": "chain_13.03-3"		}
,
		{
			"matrix": [
				0.858407,					2.77556e-16,					0.51297,					0,
				-2.77556e-16,					1,					-8.32667e-17,					0,
				-0.51297,					1.38778e-17,					0.858407,					0,
				0.0117637,					0.0029633,					0.00199098,					1
			]
			,"mesh": 92
			,"name": "chain_13.03-1"		}
,
		{
			"matrix": [
				0.0325645,					-0.998065,					-0.05297,					0,
				0.872737,					0.00256617,					0.488183,					0,
				-0.487103,					-0.0621264,					0.871132,					0,
				-0.0648241,					-0.00213207,					0.129533,					1
			]
			,"mesh": 93
			,"name": "chain_13.03-5"		}
,
		{
			"children": [
				116, 117
			]
			,"matrix": [
				-0.429125,					0.802594,					0.414361,					0,
				0.588918,					0.596442,					-0.545374,					0,
				-0.684856,					0.00999066,					-0.72861,					0,
				0.422688,					-0.313952,					-0.408331,					1
			]
			,"name": "Shackle assembly_revR_REV_29.08.24_V4_8.5-4"		}
,
		{
			"mesh": 94
			,"name": "Shackle eye_REV1_REV_29.08.24_V4_8.5-1"		}
,
		{
			"matrix": [
				-3.4972e-15,					-5.55112e-17,					-1,					0,
				5.55112e-17,					1,					-5.55112e-17,					0,
				1,					-5.55112e-17,					-3.4972e-15,					0,
				-0.369898,					0.133601,					-5.83619e-07,					1
			]
			,"mesh": 95
			,"name": "shackle rod1_REV1_REV_29.08.24_V4_8.5-1"		}
,
		{
			"children": [
				119, 120
			]
			,"matrix": [
				-0.707107,					-7.39392e-15,					-0.707107,					0,
				-0.129639,					-0.98305,					0.129639,					0,
				-0.695121,					0.183337,					0.695121,					0,
				0.574704,					-0.00222643,					-0.717534,					1
			]
			,"name": "Shackle assembly 35T-2"		}
,
		{
			"matrix": [
				5.55112e-17,					0.0543206,					0.998524,					0,
				1.38778e-17,					-0.998524,					0.0543206,					0,
				1,					0,					0,					0,
				-0.380768,					0.211356,					1.08909e-06,					1
			]
			,"mesh": 96
			,"name": "shackle rod1 13.5T_v5_35T-1"		}
,
		{
			"mesh": 97
			,"name": "Shackle eye 13.5T_v5_35T-1"		}
,
		{
			"children": [
				122, 123, 124, 125, 126, 127, 128, 129, 130, 131
			]
			,"matrix": [
				-0.609497,					0.506978,					0.609497,					0,
				0.707107,					1.38778e-16,					0.707107,					0,
				0.358488,					0.861959,					-0.358488,					0,
				0.306864,					-0.632654,					-0.286325,					1
			]
			,"name": "Mooring Chain_nEW-1_13.03-2"		}
,
		{
			"matrix": [
				-0.0365127,					0.997554,					0.0596101,					0,
				-0.920999,					-0.0104401,					-0.389424,					0,
				-0.387849,					-0.0691198,					0.919128,					0,
				-0.186987,					-0.022822,					0.400096,					1
			]
			,"mesh": 98
			,"name": "chain_13.03-11"		}
,
		{
			"matrix": [
				0.0365122,					-0.997554,					-0.059609,					0,
				0.920999,					0.01044,					0.389424,					0,
				-0.387849,					-0.0691186,					0.919128,					0,
				-0.148474,					-0.0159584,					0.308827,					1
			]
			,"mesh": 99
			,"name": "chain_13.03-9"		}
,
		{
			"matrix": [
				-0.920999,					-0.01044,					-0.389424,					0,
				0.0365127,					-0.997554,					-0.0596101,					0,
				-0.387849,					-0.0691198,					0.919128,					0,
				-0.16773,					-0.0193902,					0.354461,					1
			]
			,"mesh": 100
			,"name": "chain_13.03-10"		}
,
		{
			"matrix": [
				0,					-1,					0,					0,
				0.851891,					0,					0.52372,					0,
				-0.52372,					0,					0.851891,					0,
				-0.0140527,					0.00296336,					0.0444003,					1
			]
			,"mesh": 101
			,"name": "chain_13.03-2"		}
,
		{
			"matrix": [
				-0.872737,					-0.00256617,					-0.488183,					0,
				0.0372361,					-0.997423,					-0.0613248,					0,
				-0.486768,					-0.0716984,					0.870584,					0,
				-0.0889979,					-0.00552613,					0.172767,					1
			]
			,"mesh": 102
			,"name": "chain_13.03-6"		}
,
		{
			"matrix": [
				0.0372361,					-0.997423,					-0.0613248,					0,
				0.92102,					0.0104436,					0.389376,					0,
				-0.387732,					-0.0709802,					0.919035,					0,
				-0.109965,					-0.00906267,					0.217558,					1
			]
			,"mesh": 103
			,"name": "chain_13.03-7"		}
,
		{
			"matrix": [
				-0.92102,					-0.0104436,					-0.389376,					0,
				0.0365122,					-0.997554,					-0.059609,					0,
				-0.387801,					-0.069118,					0.919148,					0,
				-0.129218,					-0.0125267,					0.263192,					1
			]
			,"mesh": 104
			,"name": "chain_13.03-8"		}
,
		{
			"matrix": [
				0.851891,					1.38778e-16,					0.52372,					0,
				-0.0325645,					0.998065,					0.05297,					0,
				-0.522706,					-0.0621794,					0.850242,					0,
				-0.0400227,					0.000953358,					0.0866433,					1
			]
			,"mesh": 105
			,"name": "chain_13.03-3"		}
,
		{
			"matrix": [
				0.858407,					-2.77556e-17,					0.51297,					0,
				0,					1,					0,					0,
				-0.51297,					-1.11022e-16,					0.858407,					0,
				0.0117637,					0.0029633,					0.00199098,					1
			]
			,"mesh": 106
			,"name": "chain_13.03-1"		}
,
		{
			"matrix": [
				0.0325645,					-0.998065,					-0.05297,					0,
				0.872737,					0.00256617,					0.488183,					0,
				-0.487103,					-0.0621264,					0.871132,					0,
				-0.0648241,					-0.00213207,					0.129533,					1
			]
			,"mesh": 107
			,"name": "chain_13.03-5"		}
,
		{
			"children": [
				133, 134, 135, 136, 137, 138
			]
			,"matrix": [
				-0.036286,					-0.998682,					0.036286,					0,
				-0.707107,					-1.2837e-16,					-0.707107,					0,
				0.706175,					-0.0513162,					-0.706175,					0,
				0.0913331,					-0.752872,					-0.10978,					1
			]
			,"name": "Mooring Chain_nEW-1_13.03_14.03-2"		}
,
		{
			"matrix": [
				0.0325645,					-0.998065,					-0.05297,					0,
				0.872737,					0.00256617,					0.488183,					0,
				-0.487103,					-0.0621264,					0.871132,					0,
				-0.115084,					-0.00760373,					0.218956,					1
			]
			,"mesh": 108
			,"name": "chain_13.03_14.03-13"		}
,
		{
			"matrix": [
				-6.93889e-18,					-1,					1.11022e-16,					0,
				0.851891,					5.55112e-17,					0.52372,					0,
				-0.52372,					-5.55112e-17,					0.851891,					0,
				-0.0140527,					0.00296336,					0.0444003,					1
			]
			,"mesh": 109
			,"name": "chain_13.03_14.03-2"		}
,
		{
			"matrix": [
				0.858407,					0,					0.51297,					0,
				2.77556e-17,					1,					-1.11022e-16,					0,
				-0.51297,					-5.55112e-17,					0.858407,					0,
				0.0117637,					0.0029633,					0.00199098,					1
			]
			,"mesh": 110
			,"name": "chain_13.03_14.03-1"		}
,
		{
			"matrix": [
				-0.872737,					-0.00256617,					-0.488183,					0,
				0.0372361,					-0.997423,					-0.0613248,					0,
				-0.486768,					-0.0716984,					0.870584,					0,
				-0.0889979,					-0.00552613,					0.172767,					1
			]
			,"mesh": 111
			,"name": "chain_13.03_14.03-6"		}
,
		{
			"matrix": [
				0.0325645,					-0.998065,					-0.05297,					0,
				0.872737,					0.00256617,					0.488183,					0,
				-0.487103,					-0.0621264,					0.871132,					0,
				-0.0648241,					-0.00213207,					0.129533,					1
			]
			,"mesh": 112
			,"name": "chain_13.03_14.03-5"		}
,
		{
			"matrix": [
				0.851891,					2.77556e-17,					0.52372,					0,
				-0.0325645,					0.998065,					0.05297,					0,
				-0.522706,					-0.0621794,					0.850242,					0,
				-0.0400227,					0.000953358,					0.0866433,					1
			]
			,"mesh": 113
			,"name": "chain_13.03_14.03-3"		}
,
		{
			"matrix": [
				-3.77476e-14,					0,					-1,					0,
				0,					1,					0,					0,
				1,					0,					-3.77476e-14,					0,
				-0.375646,					4.448,					0.373885,					1
			]
			,"mesh": 114
			,"name": "Gill sensor pole_13.03.25-1"		}
,
		{
			"matrix": [
				0.707107,					0,					0.707107,					0,
				-0.707107,					0,					0.707107,					0,
				0,					-1,					0,					0,
				-0.399515,					4.456,					0.00353553,					1
			]
			,"mesh": 115
			,"name": "Earth pole_14.02.25_13.03.25-1"		}
,
		{
			"matrix": [
				0.707107,					3.25165e-33,					0.707107,					0,
				1.77684e-33,					1,					-6.37537e-33,					0,
				-0.707107,					5.76449e-33,					0.707107,					0,
				0.6,					1.608,					-7.32782e-14,					1
			]
			,"mesh": 116
			,"name": "step pole with ladder_13.03.25-1"		}
,
		{
			"matrix": [
				0.707107,					7.67843e-34,					-0.707107,					0,
				5.27008e-35,					1,					1.13859e-33,					0,
				0.707107,					-8.42373e-34,					0.707107,					0,
				-4.9763e-14,					1.608,					-0.6,					1
			]
			,"mesh": 117
			,"name": "Side Pole_13.03.25-1"		}
,
		{
			"matrix": [
				1,					0,					0,					0,
				0,					1,					0,					0,
				0,					0,					1,					0,
				-2.77536e-14,					4.12,					1.45437e-14,					1
			]
			,"mesh": 118
			,"name": "RING STRUCTURE_13.02.25_13.03.25-1"		}
,
		{
			"matrix": [
				0.37414,					-2.23942e-18,					0.927372,					0,
				0.927372,					-3.24344e-17,					-0.37414,					0,
				3.09166e-17,					1,					-1.00582e-17,					0,
				-2.53339e-14,					4.961,					1.45476e-14,					1
			]
			,"mesh": 119
			,"name": "Marine Lantern_14.02.25_13.03.25-1"		}
,
		{
			"matrix": [
				0.707107,					-4.26196e-17,					0.707107,					0,
				-1.89288e-17,					1,					7.9202e-17,					0,
				-0.707107,					-6.93889e-17,					0.707107,					0,
				-0.392602,					3.15611,					0.299039,					1
			]
			,"mesh": 120
			,"name": "DOOR_14.02.25_13.03.25-1"		}
,
		{
			"children": [
				147, 150, 153, 156
			]
			,"name": "TDP3000_STEEL CORE_13.02.25_13.03.25-1"		}
,
		{
			"children": [
				148, 149
			]
			,"name": "TDP3000_STEEL CORE_13.02.25(2)_13.03.25-1"		}
,
		{
			"mesh": 121
			,"name": "PN111_Default_As Machined__13.03.25-1"		}
,
		{
			"matrix": [
				0.707107,					-4e-15,					0.707107,					0,
				2.32843e-15,					1,					3.32843e-15,					0,
				-0.707107,					-7.07107e-16,					0.707107,					0,
				0.329512,					1.246,					0.329512,					1
			]
			,"mesh": 122
			,"name": "BATTERY BOX_PN111_Default_As Machined__13.03.25-1"		}
,
		{
			"children": [
				151, 152
			]
			,"matrix": [
				-3.49148e-15,					0,					-1,					0,
				0,					1,					0,					0,
				1,					0,					-3.49148e-15,					0,
				0,					0,					0,					1
			]
			,"name": "TDP3000_STEEL CORE_13.02.25(2)_13.03.25-2"		}
,
		{
			"mesh": 123
			,"name": "PN111_Default_As Machined__13.03.25-1"		}
,
		{
			"matrix": [
				0.707107,					-4e-15,					0.707107,					0,
				2.32843e-15,					1,					3.32843e-15,					0,
